100.01
100.01
100.01
100.01
100.01
100.01
100.01
100.01
100.01
100.01
120.11
120.11
120.11
120.11
120.11
120.11
120.11
120.11
120.11
120.11
117.07
117.07
117.07
117.07
117.07
117.07
117.07
117.07
117.07
117.07
130.44
130.44
130.44
130.44
130.44
130.44
130.44
130.44
130.44
130.44
145.62
145.62
145.62
145.62
145.62
145.62
145.62
145.62
145.62
145.62
159.31
159.31
159.31
159.31
159.31
159.31
159.31
159.31
159.31
171.11
171.11
171.11
171.11
171.11
171.11
171.11
171.11
171.11
171.11
296.48
296.48
296.48
296.48
296.48
296.48
296.48
296.48
296.48
296.48
296.48
296.48
312.56
312.56
312.56
312.56
312.56
312.56
312.56
312.56
318.59
318.59
318.59
318.59
318.59
318.59
318.59
318.59
318.59
318.59
321.50
321.50
321.50
321.50
321.50
321.50
321.50
321.50
321.50
321.50
321.25
321.25
321.25
321.25
321.25
321.25
321.25
321.25
321.25
321.25
302.41
302.41
302.41
302.41
302.41
302.41
302.41
302.41
302.41
302.41
317.51
317.51
317.51
317.51
317.51
317.51
317.51
317.51
317.51
317.51
323.88
323.88
323.88
323.88
323.88
323.88
323.88
323.88
323.88
324.28
324.28
324.28
324.28
324.28
324.28
324.28
324.28
324.28
324.28
324.74
324.74
324.74
324.74
324.74
324.74
324.74
324.74
324.74
324.74
308.23
308.23
308.23
308.23
308.23
308.23
308.23
308.23
308.23
308.23
315.74
315.74
315.74
315.74
315.74
315.74
315.74
315.74
315.74
315.74
324.48
324.48
324.48
324.48
324.48
324.48
324.48
324.48
324.48
324.48
325.76
325.76
325.76
325.76
325.76
325.76
325.76
325.76
325.76
325.76
326.07
326.07
326.07
326.07
326.07
326.07
326.07
326.07
326.07
326.07
326.07
323.05
323.05
323.05
323.05
323.05
323.05
323.05
323.05
323.05
312.57
312.57
312.57
312.57
312.57
312.57
312.57
312.57
312.57
312.57
324.99
324.99
324.99
324.99
324.99
324.99
324.99
324.99
324.99
324.99
325.43
325.43
325.43
325.43
325.43
325.43
325.43
325.43
325.43
325.79
325.79
325.79
325.79
325.79
325.79
325.79
325.79
325.79
325.79
315.72
315.72
315.72
315.72
315.72
315.72
315.72
315.72
315.72
315.72
309.45
309.45
309.45
309.45
309.45
309.45
309.45
309.45
309.45
309.45
325.72
325.72
325.72
325.72
325.72
325.72
325.72
325.72
325.72
325.72
326.02
326.02
326.02
326.02
326.02
326.02
326.02
326.02
326.02
326.02
326.18
326.18
326.18
326.18
326.18
326.18
326.18
326.18
326.18
326.18
319.62
319.62
319.62
319.62
319.62
319.62
319.62
319.62
319.62
319.62
309.52
309.52
309.52
309.52
309.52
309.52
309.52
309.52
309.52
309.52
320.36
320.36
320.36
320.36
320.36
320.36
320.36
320.36
320.36
320.36
326.75
326.75
326.75
326.75
326.75
326.75
326.75
326.75
326.75
327.06
327.06
327.06
327.06
327.06
327.06
327.06
327.06
327.06
327.06
324.11
324.11
324.11
324.11
324.11
324.11
324.11
324.11
324.11
324.11
303.97
303.97
303.97
303.97
303.97
303.97
303.97
303.97
303.97
303.97
324.84
324.84
324.84
324.84
324.84
324.84
324.84
324.84
324.84
324.84
325.17
325.17
325.17
325.17
325.17
325.17
325.17
325.17
325.17
325.17
325.52
325.52
325.52
325.52
325.52
325.52
325.52
325.52
325.52
325.52
324.72
324.72
324.72
324.72
324.72
324.72
324.72
324.72
324.72
324.72
324.72
322.01
322.01
322.01
322.01
322.01
322.01
322.01
322.01
322.01
324.14
324.14
324.14
324.14
324.14
324.14
324.14
324.14
324.14
324.56
324.56
324.56
324.56
324.56
324.56
324.56
324.56
324.56
324.56
325.40
325.40
325.40
325.40
325.40
325.40
325.40
325.40
325.40
325.40
324.75
324.75
324.75
324.75
324.75
324.75
324.75
324.75
324.75
324.75
324.75
328.52
328.52
328.52
328.52
328.52
328.52
328.52
328.52
328.52
322.40
322.40
322.40
322.40
322.40
322.40
322.40
322.40
322.40
322.40
325.61
325.61
325.61
325.61
325.61
325.61
325.61
325.61
325.61
325.61
326.09
326.09
326.09
326.09
326.09
326.09
326.09
326.09
326.09
326.09
326.27
326.27
326.27
326.27
326.27
326.27
326.27
326.27
326.27
325.83
325.83
325.83
325.83
325.83
325.83
325.83
325.83
325.83
325.83
356.49
356.49
356.49
356.49
356.49
356.49
356.49
356.49
356.49
356.49
361.05
361.05
361.05
361.05
361.05
361.05
361.05
361.05
361.05
361.05
361.20
361.20
361.20
361.20
361.20
361.20
361.20
361.20
361.20
361.20
359.67
359.67
359.67
359.67
359.67
359.67
359.67
359.67
359.67
359.67
360.73
360.73
360.73
360.73
360.73
360.73
360.73
360.73
360.73
360.73
384.53
384.53
384.53
384.53
384.53
384.53
384.53
384.53
384.53
384.53
396.98
396.98
396.98
396.98
396.98
396.98
396.98
396.98
396.98
396.98
395.69
395.69
395.69
395.69
395.69
395.69
395.69
395.69
395.69
395.80
395.80
395.80
395.80
395.80
395.80
395.80
395.80
395.80
395.80
395.92
395.92
395.92
395.92
395.92
395.92
395.92
395.92
395.92
395.92
397.59
397.59
397.59
397.59
397.59
397.59
397.59
397.59
397.59
397.59
396.11
396.11
396.11
396.11
396.11
396.11
396.11
396.11
396.11
396.11
396.14
396.14
396.14
396.14
396.14
396.14
396.14
396.14
396.14
396.14
396.16
396.16
396.16
396.16
396.16
396.16
396.16
396.16
396.16
396.16
397.79
397.79
397.79
397.79
397.79
397.79
397.79
397.79
397.79
397.79
396.22
396.22
396.22
396.22
396.22
396.22
396.22
396.22
396.22
396.22
396.16
396.16
396.16
396.16
396.16
396.16
396.16
396.16
396.16
396.12
396.12
396.12
396.12
396.12
396.12
396.12
396.12
396.12
396.12
397.70
397.70
397.70
397.70
397.70
397.70
397.70
397.70
397.70
396.11
396.11
396.11
396.11
396.11
396.11
396.11
396.11
396.11
396.11
396.02
396.02
396.02
396.02
396.02
396.02
396.02
396.02
396.02
396.02
395.97
395.97
395.97
395.97
395.97
395.97
395.97
395.97
395.97
395.97
397.58
397.58
397.58
397.58
397.58
397.58
397.58
397.58
397.58
397.58
396.11
396.11
396.11
396.11
396.11
396.11
396.11
396.11
396.11
396.11
396.05
396.05
396.05
396.05
396.05
396.05
396.05
396.05
396.05
396.05
396.00
396.00
396.00
396.00
396.00
396.00
396.00
396.00
396.00
396.00
397.60
397.60
397.60
397.60
397.60
397.60
397.60
397.60
397.60
397.60
396.05
396.05
396.05
396.05
396.05
396.05
396.05
396.05
396.05
395.50
395.50
395.50
395.50
395.50
395.50
395.50
395.50
395.50
395.50
395.47
395.47
395.47
395.47
395.47
395.47
395.47
395.47
395.47
395.47
397.09
397.09
397.09
397.09
397.09
397.09
397.09
397.09
397.09
397.09
396.23
396.23
396.23
396.23
396.23
396.23
396.23
396.23
396.23
396.23
396.15
396.15
396.15
396.15
396.15
396.15
396.15
396.15
396.15
396.15
396.10
396.10
396.10
396.10
396.10
396.10
396.10
396.10
396.10
396.10
397.62
397.62
397.62
397.62
397.62
397.62
397.62
397.62
397.62
397.62
396.11
396.11
396.11
396.11
396.11
396.11
396.11
396.11
396.11
395.53
395.53
395.53
395.53
395.53
395.53
395.53
395.53
395.53
395.53
395.47
395.47
395.47
395.47
395.47
395.47
395.47
395.47
395.47
395.47
397.07
397.07
397.07
397.07
397.07
397.07
397.07
397.07
397.07
397.07
396.66
396.66
396.66
396.66
396.66
396.66
396.66
396.66
396.66
396.66
396.65
396.65
396.65
396.65
396.65
396.65
396.65
396.65
396.65
396.65
396.71
396.71
396.71
396.71
396.71
396.71
396.71
396.71
396.71
396.71
397.68
397.68
397.68
397.68
397.68
397.68
397.68
397.68
397.68
397.68
396.29
396.29
396.29
396.29
396.29
396.29
396.29
396.29
396.29
396.29
396.28
396.28
396.28
396.28
396.28
396.28
396.28
396.28
396.28
396.29
396.29
396.29
396.29
396.29
396.29
396.29
396.29
396.29
396.29
397.88
397.88
397.88
397.88
397.88
397.88
397.88
397.88
397.88
397.88
396.99
396.99
396.99
396.99
396.99
396.99
396.99
396.99
396.99
396.99
397.01
397.01
397.01
397.01
397.01
397.01
397.01
397.01
397.01
397.01
397.14
397.14
397.14
397.14
397.14
397.14
397.14
397.14
397.14
397.14
398.15
398.15
398.15
398.15
398.15
398.15
398.15
398.15
398.15
398.15
396.87
396.87
396.87
396.87
396.87
396.87
396.87
396.87
396.87
396.87
396.73
396.73
396.73
396.73
396.73
396.73
396.73
396.73
396.73
396.73
396.71
396.71
396.71
396.71
396.71
396.71
396.71
396.71
396.71
398.30
398.30
398.30
398.30
398.30
398.30
398.30
398.30
398.30
398.30
397.39
397.39
397.39
397.39
397.39
397.39
397.39
397.39
397.39
397.39
396.89
396.89
396.89
396.89
396.89
396.89
396.89
396.89
396.89
396.89
396.96
396.96
396.96
396.96
396.96
396.96
396.96
396.96
396.96
396.96
398.55
398.55
398.55
398.55
398.55
398.55
398.55
398.55
398.55
398.55
397.67
397.67
397.67
397.67
397.67
397.67
397.67
397.67
397.67
397.67
397.12
397.12
397.12
397.12
397.12
397.12
397.12
397.12
397.12
397.12
397.17
397.17
397.17
397.17
397.17
397.17
397.17
397.17
397.17
397.17
398.56
398.56
398.56
398.56
398.56
398.56
398.56
398.56
398.56
397.82
397.82
397.82
397.82
397.82
397.82
397.82
397.82
397.82
397.82
397.35
397.35
397.35
397.35
397.35
397.35
397.35
397.35
397.35
397.35
397.33
397.33
397.33
397.33
397.33
397.33
397.33
397.33
397.33
397.33
398.38
398.38
398.38
398.38
398.38
398.38
398.38
398.38
398.38
398.38
398.01
398.01
398.01
398.01
398.01
398.01
398.01
398.01
398.01
398.01
397.46
397.46
397.46
397.46
397.46
397.46
397.46
397.46
397.46
397.44
397.44
397.44
397.44
397.44
397.44
397.44
397.44
397.44
397.44
398.46
398.46
398.46
398.46
398.46
398.46
398.46
398.46
398.46
398.46
398.03
398.03
398.03
398.03
398.03
398.03
398.03
398.03
398.03
398.03
397.50
397.50
397.50
397.50
397.50
397.50
397.50
397.50
397.50
397.50
397.54
397.54
397.54
397.54
397.54
397.54
397.54
397.54
397.54
397.54
398.49
398.49
398.49
398.49
398.49
398.49
398.49
398.49
398.49
398.49
398.11
398.11
398.11
398.11
398.11
398.11
398.11
398.11
398.11
397.56
397.56
397.56
397.56
397.56
397.56
397.56
397.56
397.56
397.56
397.58
397.58
397.58
397.58
397.58
397.58
397.58
397.58
397.58
397.58
398.52
398.52
398.52
398.52
398.52
398.52
398.52
398.52
398.52
398.52
398.18
398.18
398.18
398.18
398.18
398.18
398.18
398.18
398.18
398.18
397.66
397.66
397.66
397.66
397.66
397.66
397.66
397.66
397.66
397.66
397.65
397.65
397.65
397.65
397.65
397.65
397.65
397.65
397.65
397.65
398.65
398.65
398.65
398.65
398.65
398.65
398.65
398.65
398.65
398.65
398.32
398.32
398.32
398.32
398.32
398.32
398.32
398.32
398.32
398.32
397.74
397.74
397.74
397.74
397.74
397.74
397.74
397.74
397.74
397.76
397.76
397.76
397.76
397.76
397.76
397.76
397.76
397.76
397.76
398.76
398.76
398.76
398.76
398.76
398.76
398.76
398.76
398.76
398.76
398.57
398.57
398.57
398.57
398.57
398.57
398.57
398.57
398.57
398.57
397.88
397.88
397.88
397.88
397.88
397.88
397.88
397.88
397.88
397.88
397.88
397.88
397.88
397.88
397.88
397.88
397.88
397.88
397.88
397.88
398.82
398.82
398.82
398.82
398.82
398.82
398.82
398.82
398.82
398.82
398.66
398.66
398.66
398.66
398.66
398.66
398.66
398.66
398.66
398.66
397.91
397.91
397.91
397.91
397.91
397.91
397.91
397.91
397.91
397.91
397.94
397.94
397.94
397.94
397.94
397.94
397.94
397.94
397.94
398.80
398.80
398.80
398.80
398.80
398.80
398.80
398.80
398.80
398.80
399.38
399.38
399.38
399.38
399.38
399.38
399.38
399.38
399.38
399.38
397.90
397.90
397.90
397.90
397.90
397.90
397.90
397.90
397.90
397.90
397.84
397.84
397.84
397.84
397.84
397.84
397.84
397.84
397.84
397.84
398.63
398.63
398.63
398.63
398.63
398.63
398.63
398.63
398.63
398.63
399.35
399.35
399.35
399.35
399.35
399.35
399.35
399.35
399.35
399.35
397.95
397.95
397.95
397.95
397.95
397.95
397.95
397.95
397.95
397.95
397.93
397.93
397.93
397.93
397.93
397.93
397.93
397.93
397.93
398.71
398.71
398.71
398.71
398.71
398.71
398.71
398.71
398.71
398.71
399.51
399.51
399.51
399.51
399.51
399.51
399.51
399.51
399.51
399.51
398.04
398.04
398.04
398.04
398.04
398.04
398.04
398.04
398.04
398.04
398.04
398.04
398.04
398.04
398.04
398.04
398.04
398.04
398.04
398.04
398.08
398.08
398.08
398.08
398.08
398.08
398.08
398.08
398.08
398.08
399.56
399.56
399.56
399.56
399.56
399.56
399.56
399.56
399.56
399.56
398.15
398.15
398.15
398.15
398.15
398.15
398.15
398.15
398.15
398.15
398.19
398.19
398.19
398.19
398.19
398.19
398.19
398.19
398.19
398.19
398.16
398.16
398.16
398.16
398.16
398.16
398.16
398.16
398.16
399.62
399.62
399.62
399.62
399.62
399.62
399.62
399.62
399.62
399.62
398.23
398.23
398.23
398.23
398.23
398.23
398.23
398.23
398.23
398.23
398.20
398.20
398.20
398.20
398.20
398.20
398.20
398.20
398.20
398.20
398.23
398.23
398.23
398.23
398.23
398.23
398.23
398.23
398.23
398.23
399.72
399.72
399.72
399.72
399.72
399.72
399.72
399.72
399.72
399.72
398.26
398.26
398.26
398.26
398.26
398.26
398.26
398.26
398.26
398.26
398.23
398.23
398.23
398.23
398.23
398.23
398.23
398.23
398.23
398.23
398.23
398.23
398.23
398.23
398.23
398.23
398.23
398.23
398.23
399.68
399.68
399.68
399.68
399.68
399.68
399.68
399.68
399.68
399.68
398.20
398.20
398.20
398.20
398.20
398.20
398.20
398.20
398.20
398.20
398.22
398.22
398.22
398.22
398.22
398.22
398.22
398.22
398.22
398.22
398.20
398.20
398.20
398.20
398.20
398.20
398.20
398.20
398.20
398.20
399.64
399.64
399.64
399.64
399.64
399.64
399.64
399.64
399.64
399.64
398.19
398.19
398.19
398.19
398.19
398.19
398.19
398.19
398.19
398.11
398.11
398.11
398.11
398.11
398.11
398.11
398.11
398.11
398.11
398.09
398.09
398.09
398.09
398.09
398.09
398.09
398.09
398.09
398.09
399.58
399.58
399.58
399.58
399.58
399.58
399.58
399.58
399.58
399.58
398.14
398.14
398.14
398.14
398.14
398.14
398.14
398.14
398.14
398.14
398.12
398.12
398.12
398.12
398.12
398.12
398.12
398.12
398.12
398.12
398.13
398.13
398.13
398.13
398.13
398.13
398.13
398.13
398.13
398.13
399.60
399.60
399.60
399.60
399.60
399.60
399.60
399.60
399.60
399.60
398.17
398.17
398.17
398.17
398.17
398.17
398.17
398.17
398.17
398.15
398.15
398.15
398.15
398.15
398.15
398.15
398.15
398.15
398.15
398.15
398.15
398.15
398.15
398.15
398.15
398.15
398.15
398.15
398.15
399.59
399.59
399.59
399.59
399.59
399.59
399.59
399.59
399.59
399.59
398.21
398.21
398.21
398.21
398.21
398.21
398.21
398.21
398.21
398.21
398.25
398.25
398.25
398.25
398.25
398.25
398.25
398.25
398.25
398.25
398.27
398.27
398.27
398.27
398.27
398.27
398.27
398.27
398.27
398.27
399.74
399.74
399.74
399.74
399.74
399.74
399.74
399.74
399.74
399.74
398.30
398.30
398.30
398.30
398.30
398.30
398.30
398.30
398.30
398.30
398.29
398.29
398.29
398.29
398.29
398.29
398.29
398.29
398.29
398.27
398.27
398.27
398.27
398.27
398.27
398.27
398.27
398.27
398.27
399.73
399.73
399.73
399.73
399.73
399.73
399.73
399.73
399.73
399.73
398.25
398.25
398.25
398.25
398.25
398.25
398.25
398.25
398.25
398.25
398.20
398.20
398.20
398.20
398.20
398.20
398.20
398.20
398.20
398.20
398.18
398.18
398.18
398.18
398.18
398.18
398.18
398.18
398.18
398.18
399.60
399.60
399.60
399.60
399.60
399.60
399.60
399.60
399.60
399.60
398.23
398.23
398.23
398.23
398.23
398.23
398.23
398.23
398.23
398.23
398.08
398.08
398.08
398.08
398.08
398.08
398.08
398.08
398.08
398.08
398.06
398.06
398.06
398.06
398.06
398.06
398.06
398.06
398.06
399.53
399.53
399.53
399.53
399.53
399.53
399.53
399.53
399.53
399.53
398.52
398.52
398.52
398.52
398.52
398.52
398.52
398.52
398.52
398.52
398.00
398.00
398.00
398.00
398.00
398.00
398.00
398.00
398.00
398.00
397.96
397.96
397.96
397.96
397.96
397.96
397.96
397.96
397.96
397.96
399.41
399.41
399.41
399.41
399.41
399.41
399.41
399.41
399.41
399.41
398.49
398.49
398.49
398.49
398.49
398.49
398.49
398.49
398.49
398.49
398.00
398.00
398.00
398.00
398.00
398.00
398.00
398.00
398.00
398.00
398.00
398.00
398.00
398.00
398.00
398.00
398.00
398.00
398.00
399.38
399.38
399.38
399.38
399.38
399.38
399.38
399.38
399.38
399.38
398.56
398.56
398.56
398.56
398.56
398.56
398.56
398.56
398.56
398.56
398.07
398.07
398.07
398.07
398.07
398.07
398.07
398.07
398.07
398.07
398.05
398.05
398.05
398.05
398.05
398.05
398.05
398.05
398.05
398.05
399.05
399.05
399.05
399.05
399.05
399.05
399.05
399.05
399.05
399.05
398.65
398.65
398.65
398.65
398.65
398.65
398.65
398.65
398.65
398.65
398.14
398.14
398.14
398.14
398.14
398.14
398.14
398.14
398.14
398.14
398.16
398.16
398.16
398.16
398.16
398.16
398.16
398.16
398.16
398.16
399.09
399.09
399.09
399.09
399.09
399.09
399.09
399.09
399.09
398.65
398.65
398.65
398.65
398.65
398.65
398.65
398.65
398.65
398.65
398.17
398.17
398.17
398.17
398.17
398.17
398.17
398.17
398.17
398.17
398.12
398.12
398.12
398.12
398.12
398.12
398.12
398.12
398.12
398.12
399.08
399.08
399.08
399.08
399.08
399.08
399.08
399.08
399.08
399.08
398.66
398.66
398.66
398.66
398.66
398.66
398.66
398.66
398.66
398.66
398.14
398.14
398.14
398.14
398.14
398.14
398.14
398.14
398.14
398.14
398.15
398.15
398.15
398.15
398.15
398.15
398.15
398.15
398.15
398.15
399.09
399.09
399.09
399.09
399.09
399.09
399.09
399.09
399.09
398.70
398.70
398.70
398.70
398.70
398.70
398.70
398.70
398.70
398.70
398.17
398.17
398.17
398.17
398.17
398.17
398.17
398.17
398.17
398.17
398.20
398.20
398.20
398.20
398.20
398.20
398.20
398.20
398.20
398.20
399.14
399.14
399.14
399.14
399.14
399.14
399.14
399.14
399.14
399.14
398.76
398.76
398.76
398.76
398.76
398.76
398.76
398.76
398.76
398.76
398.23
398.23
398.23
398.23
398.23
398.23
398.23
398.23
398.23
398.23
398.21
398.21
398.21
398.21
398.21
398.21
398.21
398.21
398.21
398.21
399.11
399.11
399.11
399.11
399.11
399.11
399.11
399.11
399.11
399.11
398.89
398.89
398.89
398.89
398.89
398.89
398.89
398.89
398.89
398.24
398.24
398.24
398.24
398.24
398.24
398.24
398.24
398.24
398.24
398.24
398.24
398.24
398.24
398.24
398.24
398.24
398.24
398.24
398.24
399.18
399.18
399.18
399.18
399.18
399.18
399.18
399.18
399.18
399.18
399.13
399.13
399.13
399.13
399.13
399.13
399.13
399.13
399.13
399.13
398.30
398.30
398.30
398.30
398.30
398.30
398.30
398.30
398.30
398.30
398.32
398.32
398.32
398.32
398.32
398.32
398.32
398.32
398.32
398.32
399.21
399.21
399.21
399.21
399.21
399.21
399.21
399.21
399.21
399.21
399.78
399.78
399.78
399.78
399.78
399.78
399.78
399.78
399.78
399.78
398.39
398.39
398.39
398.39
398.39
398.39
398.39
398.39
398.39
398.42
398.42
398.42
398.42
398.42
398.42
398.42
398.42
398.42
398.42
399.18
399.18
399.18
399.18
399.18
399.18
399.18
399.18
399.18
399.18
399.87
399.87
399.87
399.87
399.87
399.87
399.87
399.87
399.87
399.87
398.46
398.46
398.46
398.46
398.46
398.46
398.46
398.46
398.46
398.46
398.42
398.42
398.42
398.42
398.42
398.42
398.42
398.42
398.42
398.42
399.01
399.01
399.01
399.01
399.01
399.01
399.01
399.01
399.01
399.01
399.86
399.86
399.86
399.86
399.86
399.86
399.86
399.86
399.86
399.86
397.93
397.93
397.93
397.93
397.93
397.93
397.93
397.93
397.93
397.91
397.91
397.91
397.91
397.91
397.91
397.91
397.91
397.91
397.91
397.90
397.90
397.90
397.90
397.90
397.90
397.90
397.90
397.90
397.90
399.30
399.30
399.30
399.30
399.30
399.30
399.30
399.30
399.30
399.30
398.35
398.35
398.35
398.35
398.35
398.35
398.35
398.35
398.35
398.35
398.34
398.34
398.34
398.34
398.34
398.34
398.34
398.34
398.34
398.34
398.32
398.32
398.32
398.32
398.32
398.32
398.32
398.32
398.32
398.32
399.76
399.76
399.76
399.76
399.76
399.76
399.76
399.76
399.76
399.76
398.37
398.37
398.37
398.37
398.37
398.37
398.37
398.37
398.37
398.37
398.35
398.35
398.35
398.35
398.35
398.35
398.35
398.35
398.35
398.38
398.38
398.38
398.38
398.38
398.38
398.38
398.38
398.38
398.38
400.32
400.32
400.32
400.32
400.32
400.32
400.32
400.32
400.32
400.32
398.93
398.93
398.93
398.93
398.93
398.93
398.93
398.93
398.93
398.93
398.96
398.96
398.96
398.96
398.96
398.96
398.96
398.96
398.96
398.96
398.95
398.95
398.95
398.95
398.95
398.95
398.95
398.95
398.95
398.95
399.89
399.89
399.89
399.89
399.89
399.89
399.89
399.89
399.89
399.89
398.51
398.51
398.51
398.51
398.51
398.51
398.51
398.51
398.51
398.51
398.49
398.49
398.49
398.49
398.49
398.49
398.49
398.49
398.49
398.49
398.49
398.49
398.49
398.49
398.49
398.49
398.49
398.49
398.49
399.93
399.93
399.93
399.93
399.93
399.93
399.93
399.93
399.93
399.93
398.59
398.59
398.59
398.59
398.59
398.59
398.59
398.59
398.59
398.59
398.56
398.56
398.56
398.56
398.56
398.56
398.56
398.56
398.56
398.56
398.56
398.56
398.56
398.56
398.56
398.56
398.56
398.56
398.56
398.56
399.93
399.93
399.93
399.93
399.93
399.93
399.93
399.93
399.93
399.93
398.57
398.57
398.57
398.57
398.57
398.57
398.57
398.57
398.57
398.57
398.60
398.60
398.60
398.60
398.60
398.60
398.60
398.60
398.60
398.60
398.60
398.60
398.60
398.60
398.60
398.60
398.60
398.60
398.60
400.02
400.02
400.02
400.02
400.02
400.02
400.02
400.02
400.02
400.02
398.62
398.62
398.62
398.62
398.62
398.62
398.62
398.62
398.62
398.62
398.62
398.62
398.62
398.62
398.62
398.62
398.62
398.62
398.62
398.62
398.61
398.61
398.61
398.61
398.61
398.61
398.61
398.61
398.61
398.61
399.97
399.97
399.97
399.97
399.97
399.97
399.97
399.97
399.97
399.97
398.66
398.66
398.66
398.66
398.66
398.66
398.66
398.66
398.66
398.66
398.64
398.64
398.64
398.64
398.64
398.64
398.64
398.64
398.64
398.64
398.71
398.71
398.71
398.71
398.71
398.71
398.71
398.71
398.71
400.07
400.07
400.07
400.07
400.07
400.07
400.07
400.07
400.07
400.07
398.65
398.65
398.65
398.65
398.65
398.65
398.65
398.65
398.65
398.65
398.67
398.67
398.67
398.67
398.67
398.67
398.67
398.67
398.67
398.67
398.68
398.68
398.68
398.68
398.68
398.68
398.68
398.68
398.68
398.68
400.09
400.09
400.09
400.09
400.09
400.09
400.09
400.09
400.09
400.09
398.71
398.71
398.71
398.71
398.71
398.71
398.71
398.71
398.71
398.71
398.71
398.71
398.71
398.71
398.71
398.71
398.71
398.71
398.71
398.71
398.75
398.75
398.75
398.75
398.75
398.75
398.75
398.75
398.75
400.08
400.08
400.08
400.08
400.08
400.08
400.08
400.08
400.08
400.08
398.89
398.89
398.89
398.89
398.89
398.89
398.89
398.89
398.89
398.89
398.70
398.70
398.70
398.70
398.70
398.70
398.70
398.70
398.70
398.70
398.69
398.69
398.69
398.69
398.69
398.69
398.69
398.69
398.69
398.69
400.11
400.11
400.11
400.11
400.11
400.11
400.11
400.11
400.11
400.11
399.18
399.18
399.18
399.18
399.18
399.18
399.18
399.18
399.18
399.18
398.70
398.70
398.70
398.70
398.70
398.70
398.70
398.70
398.70
398.70
398.71
398.71
398.71
398.71
398.71
398.71
398.71
398.71
398.71
398.71
400.08
400.08
400.08
400.08
400.08
400.08
400.08
400.08
400.08
399.18
399.18
399.18
399.18
399.18
399.18
399.18
399.18
399.18
399.18
398.65
398.65
398.65
398.65
398.65
398.65
398.65
398.65
398.65
398.65
398.65
398.65
398.65
398.65
398.65
398.65
398.65
398.65
398.65
398.65
399.88
399.88
399.88
399.88
399.88
399.88
399.88
399.88
399.88
399.88
399.16
399.16
399.16
399.16
399.16
399.16
399.16
399.16
399.16
399.16
398.68
398.68
398.68
398.68
398.68
398.68
398.68
398.68
398.68
398.68
398.71
398.71
398.71
398.71
398.71
398.71
398.71
398.71
398.71
398.71
399.62
399.62
399.62
399.62
399.62
399.62
399.62
399.62
399.62
399.62
399.17
399.17
399.17
399.17
399.17
399.17
399.17
399.17
399.17
398.70
398.70
398.70
398.70
398.70
398.70
398.70
398.70
398.70
398.70
398.71
398.71
398.71
398.71
398.71
398.71
398.71
398.71
398.71
398.71
399.63
399.63
399.63
399.63
399.63
399.63
399.63
399.63
399.63
399.63
399.22
399.22
399.22
399.22
399.22
399.22
399.22
399.22
399.22
399.22
398.77
398.77
398.77
398.77
398.77
398.77
398.77
398.77
398.77
398.77
398.76
398.76
398.76
398.76
398.76
398.76
398.76
398.76
398.76
398.76
399.64
399.64
399.64
399.64
399.64
399.64
399.64
399.64
399.64
399.19
399.19
399.19
399.19
399.19
399.19
399.19
399.19
399.19
399.19
398.69
398.69
398.69
398.69
398.69
398.69
398.69
398.69
398.69
398.69
398.73
398.73
398.73
398.73
398.73
398.73
398.73
398.73
398.73
398.73
399.67
399.67
399.67
399.67
399.67
399.67
399.67
399.67
399.67
399.67
399.25
399.25
399.25
399.25
399.25
399.25
399.25
399.25
399.25
399.25
398.79
398.79
398.79
398.79
398.79
398.79
398.79
398.79
398.79
398.79
398.77
398.77
398.77
398.77
398.77
398.77
398.77
398.77
398.77
398.77
399.72
399.72
399.72
399.72
399.72
399.72
399.72
399.72
399.72
399.38
399.38
399.38
399.38
399.38
399.38
399.38
399.38
399.38
399.38
398.78
398.78
398.78
398.78
398.78
398.78
398.78
398.78
398.78
398.78
398.78
398.78
398.78
398.78
398.78
398.78
398.78
398.78
398.78
398.78
399.71
399.71
399.71
399.71
399.71
399.71
399.71
399.71
399.71
399.71
399.46
399.46
399.46
399.46
399.46
399.46
399.46
399.46
399.46
399.46
398.74
398.74
398.74
398.74
398.74
398.74
398.74
398.74
398.74
398.74
398.73
398.73
398.73
398.73
398.73
398.73
398.73
398.73
398.73
398.73
399.63
399.63
399.63
399.63
399.63
399.63
399.63
399.63
399.63
399.63
399.81
399.81
399.81
399.81
399.81
399.81
399.81
399.81
399.81
398.65
398.65
398.65
398.65
398.65
398.65
398.65
398.65
398.65
398.65
398.61
398.61
398.61
398.61
398.61
398.61
398.61
398.61
398.61
398.61
399.41
399.41
399.41
399.41
399.41
399.41
399.41
399.41
399.41
399.41
400.01
400.01
400.01
400.01
400.01
400.01
400.01
400.01
400.01
400.01
398.59
398.59
398.59
398.59
398.59
398.59
398.59
398.59
398.59
398.59
398.61
398.61
398.61
398.61
398.61
398.61
398.61
398.61
398.61
398.61
399.35
399.35
399.35
399.35
399.35
399.35
399.35
399.35
399.35
399.35
400.08
400.08
400.08
400.08
400.08
400.08
400.08
400.08
400.08
400.08
398.75
398.75
398.75
398.75
398.75
398.75
398.75
398.75
398.75
398.78
398.78
398.78
398.78
398.78
398.78
398.78
398.78
398.78
398.78
399.11
399.11
399.11
399.11
399.11
399.11
399.11
399.11
399.11
399.11
400.29
400.29
400.29
400.29
400.29
400.29
400.29
400.29
400.29
400.29
398.46
398.46
398.46
398.46
398.46
398.46
398.46
398.46
398.46
398.46
398.45
398.45
398.45
398.45
398.45
398.45
398.45
398.45
398.45
398.45
398.45
398.45
398.45
398.45
398.45
398.45
398.45
398.45
398.45
398.45
399.93
399.93
399.93
399.93
399.93
399.93
399.93
399.93
399.93
399.93
398.98
398.98
398.98
398.98
398.98
398.98
398.98
398.98
398.98
398.99
398.99
398.99
398.99
398.99
398.99
398.99
398.99
398.99
398.99
398.99
398.99
398.99
398.99
398.99
398.99
398.99
398.99
398.99
398.99
400.35
400.35
400.35
400.35
400.35
400.35
400.35
400.35
400.35
400.35
398.95
398.95
398.95
398.95
398.95
398.95
398.95
398.95
398.95
398.95
398.93
398.93
398.93
398.93
398.93
398.93
398.93
398.93
398.93
398.93
398.93
398.93
398.93
398.93
398.93
398.93
398.93
398.93
398.93
398.93
400.81
400.81
400.81
400.81
400.81
400.81
400.81
400.81
400.81
400.81
399.45
399.45
399.45
399.45
399.45
399.45
399.45
399.45
399.45
399.45
399.45
399.45
399.45
399.45
399.45
399.45
399.45
399.45
399.45
399.40
399.40
399.40
399.40
399.40
399.40
399.40
399.40
399.40
399.40
400.38
400.38
400.38
400.38
400.38
400.38
400.38
400.38
400.38
400.38
399.00
399.00
399.00
399.00
399.00
399.00
399.00
399.00
399.00
399.00
399.00
399.00
399.00
399.00
399.00
399.00
399.00
399.00
399.00
399.00
398.96
398.96
398.96
398.96
398.96
398.96
398.96
398.96
398.96
398.96
400.36
400.36
400.36
400.36
400.36
400.36
400.36
400.36
400.36
400.36
398.98
398.98
398.98
398.98
398.98
398.98
398.98
398.98
398.98
398.96
398.96
398.96
398.96
398.96
398.96
398.96
398.96
398.96
398.96
398.95
398.95
398.95
398.95
398.95
398.95
398.95
398.95
398.95
398.95
400.33
400.33
400.33
400.33
400.33
400.33
400.33
400.33
400.33
400.33
399.00
399.00
399.00
399.00
399.00
399.00
399.00
399.00
399.00
399.00
399.04
399.04
399.04
399.04
399.04
399.04
399.04
399.04
399.04
399.04
399.04
399.04
399.04
399.04
399.04
399.04
399.04
399.04
399.04
400.42
400.42
400.42
400.42
400.42
400.42
400.42
400.42
400.42
400.42
399.02
399.02
399.02
399.02
399.02
399.02
399.02
399.02
399.02
399.02
399.04
399.04
399.04
399.04
399.04
399.04
399.04
399.04
399.04
399.04
399.03
399.03
399.03
399.03
399.03
399.03
399.03
399.03
399.03
399.03
400.42
400.42
400.42
400.42
400.42
400.42
400.42
400.42
400.42
400.42
399.07
399.07
399.07
399.07
399.07
399.07
399.07
399.07
399.07
399.07
399.06
399.06
399.06
399.06
399.06
399.06
399.06
399.06
399.06
399.06
399.03
399.03
399.03
399.03
399.03
399.03
399.03
399.03
399.03
399.03
400.37
400.37
400.37
400.37
400.37
400.37
400.37
400.37
400.37
399.01
399.01
399.01
399.01
399.01
399.01
399.01
399.01
399.01
399.01
398.99
398.99
398.99
398.99
398.99
398.99
398.99
398.99
398.99
398.99
398.97
398.97
398.97
398.97
398.97
398.97
398.97
398.97
398.97
398.97
400.36
400.36
400.36
400.36
400.36
400.36
400.36
400.36
400.36
400.36
399.17
399.17
399.17
399.17
399.17
399.17
399.17
399.17
399.17
399.17
399.09
399.09
399.09
399.09
399.09
399.09
399.09
399.09
399.09
399.09
399.08
399.08
399.08
399.08
399.08
399.08
399.08
399.08
399.08
399.08
400.49
400.49
400.49
400.49
400.49
400.49
400.49
400.49
400.49
399.63
399.63
399.63
399.63
399.63
399.63
399.63
399.63
399.63
399.63
399.19
399.19
399.19
399.19
399.19
399.19
399.19
399.19
399.19
399.19
399.16
399.16
399.16
399.16
399.16
399.16
399.16
399.16
399.16
399.16
400.52
400.52
400.52
400.52
400.52
400.52
400.52
400.52
400.52
400.52
399.62
399.62
399.62
399.62
399.62
399.62
399.62
399.62
399.62
399.62
399.18
399.18
399.18
399.18
399.18
399.18
399.18
399.18
399.18
399.18
399.18
399.18
399.18
399.18
399.18
399.18
399.18
399.18
399.18
399.18
400.40
400.40
400.40
400.40
400.40
400.40
400.40
400.40
400.40
400.40
399.56
399.56
399.56
399.56
399.56
399.56
399.56
399.56
399.56
399.08
399.08
399.08
399.08
399.08
399.08
399.08
399.08
399.08
399.08
399.02
399.02
399.02
399.02
399.02
399.02
399.02
399.02
399.02
399.02
399.92
399.92
399.92
399.92
399.92
399.92
399.92
399.92
399.92
399.92
399.54
399.54
399.54
399.54
399.54
399.54
399.54
399.54
399.54
399.54
399.14
399.14
399.14
399.14
399.14
399.14
399.14
399.14
399.14
399.14
399.12
399.12
399.12
399.12
399.12
399.12
399.12
399.12
399.12
399.12
400.07
400.07
400.07
400.07
400.07
400.07
400.07
400.07
400.07
400.07
399.64
399.64
399.64
399.64
399.64
399.64
399.64
399.64
399.64
399.64
399.24
399.24
399.24
399.24
399.24
399.24
399.24
399.24
399.24
399.31
399.31
399.31
399.31
399.31
399.31
399.31
399.31
399.31
399.31
400.25
400.25
400.25
400.25
400.25
400.25
400.25
400.25
400.25
400.25
399.88
399.88
399.88
399.88
399.88
399.88
399.88
399.88
399.88
399.88
399.47
399.47
399.47
399.47
399.47
399.47
399.47
399.47
399.47
399.47
399.44
399.44
399.44
399.44
399.44
399.44
399.44
399.44
399.44
399.44
400.31
400.31
400.31
400.31
400.31
400.31
400.31
400.31
400.31
400.31
399.92
399.92
399.92
399.92
399.92
399.92
399.92
399.92
399.92
399.92
399.46
399.46
399.46
399.46
399.46
399.46
399.46
399.46
399.46
399.46
399.44
399.44
399.44
399.44
399.44
399.44
399.44
399.44
399.44
400.37
400.37
400.37
400.37
400.37
400.37
400.37
400.37
400.37
400.37
399.96
399.96
399.96
399.96
399.96
399.96
399.96
399.96
399.96
399.96
399.39
399.39
399.39
399.39
399.39
399.39
399.39
399.39
399.39
399.37
399.37
399.37
399.37
399.37
399.37
399.37
399.37
399.37
399.37
400.29
400.29
400.29
400.29
400.29
400.29
400.29
400.29
400.29
400.29
400.08
400.08
400.08
400.08
400.08
400.08
400.08
400.08
400.08
400.08
399.48
399.48
399.48
399.48
399.48
399.48
399.48
399.48
399.48
399.48
399.46
399.46
399.46
399.46
399.46
399.46
399.46
399.46
399.46
399.46
400.31
400.31
400.31
400.31
400.31
400.31
400.31
400.31
400.31
400.31
400.30
400.30
400.30
400.30
400.30
400.30
400.30
400.30
400.30
400.30
399.52
399.52
399.52
399.52
399.52
399.52
399.52
399.52
399.52
399.52
399.52
399.52
399.52
399.52
399.52
399.52
399.52
399.52
399.52
400.37
400.37
400.37
400.37
400.37
400.37
400.37
400.37
400.37
400.37
400.92
400.92
400.92
400.92
400.92
400.92
400.92
400.92
400.92
400.92
399.63
399.63
399.63
399.63
399.63
399.63
399.63
399.63
399.63
399.63
399.55
399.55
399.55
399.55
399.55
399.55
399.55
399.55
399.55
399.55
400.23
400.23
400.23
400.23
400.23
400.23
400.23
400.23
400.23
400.23
400.88
400.88
400.88
400.88
400.88
400.88
400.88
400.88
400.88
400.88
399.59
399.59
399.59
399.59
399.59
399.59
399.59
399.59
399.59
399.59
399.60
399.60
399.60
399.60
399.60
399.60
399.60
399.60
399.60
399.60
400.11
400.11
400.11
400.11
400.11
400.11
400.11
400.11
400.11
400.97
400.97
400.97
400.97
400.97
400.97
400.97
400.97
400.97
400.97
399.61
399.61
399.61
399.61
399.61
399.61
399.61
399.61
399.61
399.61
399.59
399.59
399.59
399.59
399.59
399.59
399.59
399.59
399.59
399.59
399.57
399.57
399.57
399.57
399.57
399.57
399.57
399.57
399.57
399.57
400.93
400.93
400.93
400.93
400.93
400.93
400.93
400.93
400.93
400.93
399.62
399.62
399.62
399.62
399.62
399.62
399.62
399.62
399.62
399.62
399.59
399.59
399.59
399.59
399.59
399.59
399.59
399.59
399.59
399.59
399.58
399.58
399.58
399.58
399.58
399.58
399.58
399.58
399.58
400.88
400.88
400.88
400.88
400.88
400.88
400.88
400.88
400.88
400.88
388.37
388.37
388.37
388.37
388.37
388.37
388.37
388.37
388.37
388.37
352.14
352.14
352.14
352.14
352.14
352.14
352.14
352.14
352.14
328.01
328.01
328.01
328.01
328.01
328.01
328.01
328.01
328.01
328.01
298.90
298.90
298.90
298.90
298.90
298.90
298.90
298.90
298.90
268.42
268.42
268.42
268.42
268.42
268.42
268.42
268.42
268.42
268.42
237.94
237.94
237.94
237.94
237.94
237.94
237.94
237.94
237.94
207.36
207.36
207.36
207.36
207.36
207.36
207.36
207.36
207.36
207.36
178.22
178.22
178.22
178.22
178.22
178.22
178.22
178.22
178.22
178.22
147.70
147.70
147.70
147.70
147.70
147.70
147.70
147.70
147.70
117.18
117.18
117.18
117.18
117.18
117.18
117.18
117.18
117.18
117.18
