69.21
69.21
69.21
69.21
69.21
69.21
69.21
69.21
69.21
69.21
80.85
80.85
80.85
80.85
80.85
80.85
80.85
80.85
80.85
80.85
92.78
92.78
92.78
92.78
92.78
92.78
92.78
92.78
92.78
104.83
104.83
104.83
104.83
104.83
104.83
104.83
104.83
104.83
104.83
117.65
117.65
117.65
117.65
117.65
117.65
117.65
117.65
117.65
117.65
130.48
130.48
130.48
130.48
130.48
130.48
130.48
130.48
130.48
143.25
143.25
143.25
143.25
143.25
143.25
143.25
143.25
143.25
143.25
156.13
156.13
156.13
156.13
156.13
156.13
156.13
156.13
156.13
156.13
170.78
170.78
170.78
170.78
170.78
170.78
170.78
170.78
170.78
170.78
184.66
184.66
184.66
184.66
184.66
184.66
184.66
184.66
184.66
189.92
189.92
189.92
189.92
189.92
189.92
189.92
189.92
189.92
189.92
193.41
193.41
193.41
193.41
193.41
193.41
193.41
193.41
193.41
193.41
195.10
195.10
195.10
195.10
195.10
195.10
195.10
195.10
195.10
195.10
196.60
196.60
196.60
196.60
196.60
196.60
196.60
196.60
196.60
197.91
197.91
197.91
197.91
197.91
197.91
197.91
197.91
197.91
197.91
198.53
198.53
198.53
198.53
198.53
198.53
198.53
198.53
198.53
198.53
199.09
199.09
199.09
199.09
199.09
199.09
199.09
199.09
199.09
199.50
199.50
199.50
199.50
199.50
199.50
199.50
199.50
199.50
199.50
199.90
199.90
199.90
199.90
199.90
199.90
199.90
199.90
199.90
199.90
200.16
200.16
200.16
200.16
200.16
200.16
200.16
200.16
200.16
200.16
200.20
200.20
200.20
200.20
200.20
200.20
200.20
200.20
200.20
200.16
200.16
200.16
200.16
200.16
200.16
200.16
200.16
200.16
200.16
199.99
199.99
199.99
199.99
199.99
199.99
199.99
199.99
199.99
199.99
199.98
199.98
199.98
199.98
199.98
199.98
199.98
199.98
199.98
199.98
199.87
199.87
199.87
199.87
199.87
199.87
199.87
199.87
199.87
199.85
199.85
199.85
199.85
199.85
199.85
199.85
199.85
199.85
199.85
199.74
199.74
199.74
199.74
199.74
199.74
199.74
199.74
199.74
199.74
199.77
199.77
199.77
199.77
199.77
199.77
199.77
199.77
199.77
199.77
199.74
199.74
199.74
199.74
199.74
199.74
199.74
199.74
199.74
199.74
199.82
199.82
199.82
199.82
199.82
199.82
199.82
199.82
199.82
199.80
199.80
199.80
199.80
199.80
199.80
199.80
199.80
199.80
199.80
199.79
199.79
199.79
199.79
199.79
199.79
199.79
199.79
199.79
199.79
199.87
199.87
199.87
199.87
199.87
199.87
199.87
199.87
199.87
199.87
200.10
200.10
200.10
200.10
200.10
200.10
200.10
200.10
200.10
200.17
200.17
200.17
200.17
200.17
200.17
200.17
200.17
200.17
200.17
200.24
200.24
200.24
200.24
200.24
200.24
200.24
200.24
200.24
200.24
200.32
200.32
200.32
200.32
200.32
200.32
200.32
200.32
200.32
200.32
200.39
200.39
200.39
200.39
200.39
200.39
200.39
200.39
200.39
200.34
200.34
200.34
200.34
200.34
200.34
200.34
200.34
200.34
200.34
200.49
200.49
200.49
200.49
200.49
200.49
200.49
200.49
200.49
200.49
200.53
200.53
200.53
200.53
200.53
200.53
200.53
200.53
200.53
200.53
200.54
200.54
200.54
200.54
200.54
200.54
200.54
200.54
200.54
200.65
200.65
200.65
200.65
200.65
200.65
200.65
200.65
200.65
200.65
193.99
193.99
193.99
193.99
193.99
193.99
193.99
193.99
193.99
181.73
181.73
181.73
181.73
181.73
181.73
181.73
181.73
181.73
181.73
169.27
169.27
169.27
169.27
169.27
169.27
169.27
169.27
169.27
156.79
156.79
156.79
156.79
156.79
156.79
156.79
156.79
156.79
144.26
144.26
144.26
144.26
144.26
144.26
144.26
144.26
144.26
131.75
131.75
131.75
131.75
131.75
131.75
131.75
131.75
131.75
131.75
119.29
119.29
119.29
119.29
119.29
119.29
119.29
119.29
119.29
106.78
106.78
106.78
106.78
106.78
106.78
106.78
106.78
106.78
94.19
94.19
94.19
94.19
94.19
94.19
94.19
94.19
94.19
81.69
81.69
81.69
81.69
81.69
81.69
81.69
81.69
81.69
