80.63
80.63
80.63
80.63
80.63
80.63
80.63
80.63
80.63
80.63
90.26
90.26
90.26
90.26
90.26
90.26
90.26
90.26
90.26
90.26
98.44
98.44
98.44
98.44
98.44
98.44
98.44
98.44
98.44
98.44
106.87
106.87
106.87
106.87
106.87
106.87
106.87
106.87
106.87
113.98
113.98
113.98
113.98
113.98
113.98
113.98
113.98
113.98
113.98
121.58
121.58
121.58
121.58
121.58
121.58
121.58
121.58
121.58
121.58
130.91
130.91
130.91
130.91
130.91
130.91
130.91
130.91
130.91
130.91
135.76
135.76
135.76
135.76
135.76
135.76
135.76
135.76
135.76
137.87
137.87
137.87
137.87
137.87
137.87
137.87
137.87
137.87
137.87
138.74
138.74
138.74
138.74
138.74
138.74
138.74
138.74
138.74
138.74
139.57
139.57
139.57
139.57
139.57
139.57
139.57
139.57
139.57
141.02
141.02
141.02
141.02
141.02
141.02
141.02
141.02
141.02
141.02
143.79
143.79
143.79
143.79
143.79
143.79
143.79
143.79
143.79
143.79
146.51
146.51
146.51
146.51
146.51
146.51
146.51
146.51
146.51
146.51
147.89
147.89
147.89
147.89
147.89
147.89
147.89
147.89
147.89
150.49
150.49
150.49
150.49
150.49
150.49
150.49
150.49
150.49
150.49
152.41
152.41
152.41
152.41
152.41
152.41
152.41
152.41
152.41
152.41
152.56
152.56
152.56
152.56
152.56
152.56
152.56
152.56
152.56
154.21
154.21
154.21
154.21
154.21
154.21
154.21
154.21
154.21
154.21
155.91
155.91
155.91
155.91
155.91
155.91
155.91
155.91
155.91
155.91
157.70
157.70
157.70
157.70
157.70
157.70
157.70
157.70
157.70
159.47
159.47
159.47
159.47
159.47
159.47
159.47
159.47
159.47
159.47
159.53
159.53
159.53
159.53
159.53
159.53
159.53
159.53
159.53
159.53
159.58
159.58
159.58
159.58
159.58
159.58
159.58
159.58
159.58
159.63
159.63
159.63
159.63
159.63
159.63
159.63
159.63
159.63
159.63
159.64
159.64
159.64
159.64
159.64
159.64
159.64
159.64
159.64
159.64
159.69
159.69
159.69
159.69
159.69
159.69
159.69
159.69
159.69
159.71
159.71
159.71
159.71
159.71
159.71
159.71
159.71
159.71
159.71
159.72
159.72
159.72
159.72
159.72
159.72
159.72
159.72
159.72
159.72
159.72
159.72
159.72
159.72
159.72
159.72
159.72
159.72
159.72
159.72
159.72
159.72
159.72
159.72
159.72
159.72
159.72
159.72
159.72
159.72
159.72
159.72
159.72
159.72
159.72
159.72
159.72
159.72
159.72
159.73
159.73
159.73
159.73
159.73
159.73
159.73
159.73
159.73
159.73
159.71
159.71
159.71
159.71
159.71
159.71
159.71
159.71
159.71
159.70
159.70
159.70
159.70
159.70
159.70
159.70
159.70
159.70
159.70
159.68
159.68
159.68
159.68
159.68
159.68
159.68
159.68
159.68
159.68
159.68
159.68
159.68
159.68
159.68
159.68
159.68
159.68
159.68
159.63
159.63
159.63
159.63
159.63
159.63
159.63
159.63
159.63
159.63
159.69
159.69
159.69
159.69
159.69
159.69
159.69
159.69
159.69
159.69
159.71
159.71
159.71
159.71
159.71
159.71
159.71
159.71
159.71
159.75
159.75
159.75
159.75
159.75
159.75
159.75
159.75
159.75
159.75
159.80
159.80
159.80
159.80
159.80
159.80
159.80
159.80
159.80
159.80
159.81
159.81
159.81
159.81
159.81
159.81
159.81
159.81
159.81
159.81
159.83
159.83
159.83
159.83
159.83
159.83
159.83
159.83
159.83
159.86
159.86
159.86
159.86
159.86
159.86
159.86
159.86
159.86
159.86
159.90
159.90
159.90
159.90
159.90
159.90
159.90
159.90
159.90
159.94
159.94
159.94
159.94
159.94
159.94
159.94
159.94
159.94
159.94
159.95
159.95
159.95
159.95
159.95
159.95
159.95
159.95
159.95
159.95
159.96
159.96
159.96
159.96
159.96
159.96
159.96
159.96
159.96
159.96
159.98
159.98
159.98
159.98
159.98
159.98
159.98
159.98
159.98
160.01
160.01
160.01
160.01
160.01
160.01
160.01
160.01
160.01
160.01
160.02
160.02
160.02
160.02
160.02
160.02
160.02
160.02
160.02
160.02
160.02
160.02
160.02
160.02
160.02
160.02
160.02
160.02
160.02
160.04
160.04
160.04
160.04
160.04
160.04
160.04
160.04
160.04
160.04
160.05
160.05
160.05
160.05
160.05
160.05
160.05
160.05
160.05
160.05
160.07
160.07
160.07
160.07
160.07
160.07
160.07
160.07
160.07
160.07
160.11
160.11
160.11
160.11
160.11
160.11
160.11
160.11
160.11
160.14
160.14
160.14
160.14
160.14
160.14
160.14
160.14
160.14
160.14
160.16
160.16
160.16
160.16
160.16
160.16
160.16
160.16
160.16
160.16
160.17
160.17
160.17
160.17
160.17
160.17
160.17
160.17
160.17
160.17
160.21
160.21
160.21
160.21
160.21
160.21
160.21
160.21
160.21
160.22
160.22
160.22
160.22
160.22
160.22
160.22
160.22
160.22
160.22
160.27
160.27
160.27
160.27
160.27
160.27
160.27
160.27
160.27
160.27
160.31
160.31
160.31
160.31
160.31
160.31
160.31
160.31
160.31
160.35
160.35
160.35
160.35
160.35
160.35
160.35
160.35
160.35
160.35
160.41
160.41
160.41
160.41
160.41
160.41
160.41
160.41
160.41
160.41
160.43
160.43
160.43
160.43
160.43
160.43
160.43
160.43
160.43
160.43
160.46
160.46
160.46
160.46
160.46
160.46
160.46
160.46
160.46
160.48
160.48
160.48
160.48
160.48
160.48
160.48
160.48
160.48
160.48
160.51
160.51
160.51
160.51
160.51
160.51
160.51
160.51
160.51
160.51
160.54
160.54
160.54
160.54
160.54
160.54
160.54
160.54
160.54
160.54
160.56
160.56
160.56
160.56
160.56
160.56
160.56
160.56
160.56
160.56
160.59
160.59
160.59
160.59
160.59
160.59
160.59
160.59
160.59
160.58
160.58
160.58
160.58
160.58
160.58
160.58
160.58
160.58
160.58
160.59
160.59
160.59
160.59
160.59
160.59
160.59
160.59
160.59
160.59
160.58
160.58
160.58
160.58
160.58
160.58
160.58
160.58
160.58
160.58
160.58
160.58
160.58
160.58
160.58
160.58
160.58
160.58
160.58
160.60
160.60
160.60
160.60
160.60
160.60
160.60
160.60
160.60
160.60
160.56
160.56
160.56
160.56
160.56
160.56
160.56
160.56
160.56
160.56
160.57
160.57
160.57
160.57
160.57
160.57
160.57
160.57
160.57
160.58
160.58
160.58
160.58
160.58
160.58
160.58
160.58
160.58
160.58
160.61
160.61
160.61
160.61
160.61
160.61
160.61
160.61
160.61
160.61
160.62
160.62
160.62
160.62
160.62
160.62
160.62
160.62
160.62
160.63
160.63
160.63
160.63
160.63
160.63
160.63
160.63
160.63
160.63
160.66
160.66
160.66
160.66
160.66
160.66
160.66
160.66
160.66
160.66
160.68
160.68
160.68
160.68
160.68
160.68
160.68
160.68
160.68
160.68
160.68
160.68
160.68
160.68
160.68
160.68
160.68
160.68
160.68
160.73
160.73
160.73
160.73
160.73
160.73
160.73
160.73
160.73
160.73
160.76
160.76
160.76
160.76
160.76
160.76
160.76
160.76
160.76
160.76
160.80
160.80
160.80
160.80
160.80
160.80
160.80
160.80
160.80
160.80
160.83
160.83
160.83
160.83
160.83
160.83
160.83
160.83
160.83
160.85
160.85
160.85
160.85
160.85
160.85
160.85
160.85
160.85
160.85
160.88
160.88
160.88
160.88
160.88
160.88
160.88
160.88
160.88
160.88
160.88
160.88
160.88
160.88
160.88
160.88
160.88
160.88
160.88
160.88
160.91
160.91
160.91
160.91
160.91
160.91
160.91
160.91
160.91
160.90
160.90
160.90
160.90
160.90
160.90
160.90
160.90
160.90
160.90
160.91
160.91
160.91
160.91
160.91
160.91
160.91
160.91
160.91
160.91
160.89
160.89
160.89
160.89
160.89
160.89
160.89
160.89
160.89
160.93
160.93
160.93
160.93
160.93
160.93
160.93
160.93
160.93
160.93
160.95
160.95
160.95
160.95
160.95
160.95
160.95
160.95
160.95
160.95
160.98
160.98
160.98
160.98
160.98
160.98
160.98
160.98
160.98
160.98
160.98
160.98
160.98
160.98
160.98
160.98
160.98
160.98
160.98
160.99
160.99
160.99
160.99
160.99
160.99
160.99
160.99
160.99
160.99
160.99
160.99
160.99
160.99
160.99
160.99
160.99
160.99
160.99
160.99
161.01
161.01
161.01
161.01
161.01
161.01
161.01
161.01
161.01
161.01
161.01
161.01
161.01
161.01
161.01
161.01
161.01
161.01
161.01
161.02
161.02
161.02
161.02
161.02
161.02
161.02
161.02
161.02
161.02
161.04
161.04
161.04
161.04
161.04
161.04
161.04
161.04
161.04
161.04
161.04
161.04
161.04
161.04
161.04
161.04
161.04
161.04
161.04
161.04
161.05
161.05
161.05
161.05
161.05
161.05
161.05
161.05
161.05
161.06
161.06
161.06
161.06
161.06
161.06
161.06
161.06
161.06
161.06
161.07
161.07
161.07
161.07
161.07
161.07
161.07
161.07
161.07
161.07
161.04
161.04
161.04
161.04
161.04
161.04
161.04
161.04
161.04
161.04
159.08
159.08
159.08
159.08
159.08
159.08
159.08
159.08
159.08
150.29
150.29
150.29
150.29
150.29
150.29
150.29
150.29
150.29
150.29
141.37
141.37
141.37
141.37
141.37
141.37
141.37
141.37
141.37
132.49
132.49
132.49
132.49
132.49
132.49
132.49
132.49
132.49
132.49
123.53
123.53
123.53
123.53
123.53
123.53
123.53
123.53
123.53
114.57
114.57
114.57
114.57
114.57
114.57
114.57
114.57
114.57
105.69
105.69
105.69
105.69
105.69
105.69
105.69
105.69
105.69
96.72
96.72
96.72
96.72
96.72
96.72
96.72
96.72
96.72
87.76
87.76
87.76
87.76
87.76
87.76
87.76
87.76
87.76
87.76