73.10
73.10
73.10
73.10
73.10
73.10
73.10
73.10
73.10
73.10
83.11
83.11
83.11
83.11
83.11
83.11
83.11
83.11
83.11
83.11
95.08
95.08
95.08
95.08
95.08
95.08
95.08
95.08
95.08
95.08
107.56
107.56
107.56
107.56
107.56
107.56
107.56
107.56
107.56
119.87
119.87
119.87
119.87
119.87
119.87
119.87
119.87
119.87
119.87
132.14
132.14
132.14
132.14
132.14
132.14
132.14
132.14
132.14
132.14
144.50
144.50
144.50
144.50
144.50
144.50
144.50
144.50
144.50
157.00
157.00
157.00
157.00
157.00
157.00
157.00
157.00
157.00
157.00
169.33
169.33
169.33
169.33
169.33
169.33
169.33
169.33
169.33
169.33
177.63
177.63
177.63
177.63
177.63
177.63
177.63
177.63
177.63
177.63
182.30
182.30
182.30
182.30
182.30
182.30
182.30
182.30
182.30
187.26
187.26
187.26
187.26
187.26
187.26
187.26
187.26
187.26
187.26
189.69
189.69
189.69
189.69
189.69
189.69
189.69
189.69
189.69
189.69
190.11
190.11
190.11
190.11
190.11
190.11
190.11
190.11
190.11
190.07
190.07
190.07
190.07
190.07
190.07
190.07
190.07
190.07
190.07
190.28
190.28
190.28
190.28
190.28
190.28
190.28
190.28
190.28
190.43
190.43
190.43
190.43
190.43
190.43
190.43
190.43
190.43
190.43
190.29
190.29
190.29
190.29
190.29
190.29
190.29
190.29
190.29
190.29
190.45
190.45
190.45
190.45
190.45
190.45
190.45
190.45
190.45
190.52
190.52
190.52
190.52
190.52
190.52
190.52
190.52
190.52
190.52
190.58
190.58
190.58
190.58
190.58
190.58
190.58
190.58
190.58
190.45
190.45
190.45
190.45
190.45
190.45
190.45
190.45
190.45
190.45
190.67
190.67
190.67
190.67
190.67
190.67
190.67
190.67
190.67
190.67
190.63
190.63
190.63
190.63
190.63
190.63
190.63
190.63
190.63
190.77
190.77
190.77
190.77
190.77
190.77
190.77
190.77
190.77
190.77
190.92
190.92
190.92
190.92
190.92
190.92
190.92
190.92
190.92
190.92
190.93
190.93
190.93
190.93
190.93
190.93
190.93
190.93
190.93
183.19
183.19
183.19
183.19
183.19
183.19
183.19
183.19
183.19
171.90
171.90
171.90
171.90
171.90
171.90
171.90
171.90
171.90
160.15
160.15
160.15
160.15
160.15
160.15
160.15
160.15
160.15
148.64
148.64
148.64
148.64
148.64
148.64
148.64
148.64
148.64
137.06
137.06
137.06
137.06
137.06
137.06
137.06
137.06
137.06
137.06
125.63
125.63
125.63
125.63
125.63
125.63
125.63
125.63
125.63
113.94
113.94
113.94
113.94
113.94
113.94
113.94
113.94
113.94
102.38
102.38
102.38
102.38
102.38
102.38
102.38
102.38
102.38
102.38
