86.85
86.85
86.85
86.85
86.85
86.85
86.85
86.85
86.85
96.39
96.39
96.39
96.39
96.39
96.39
96.39
96.39
96.39
96.39
105.91
105.91
105.91
105.91
105.91
105.91
105.91
105.91
105.91
105.91
115.56
115.56
115.56
115.56
115.56
115.56
115.56
115.56
115.56
125.22
125.22
125.22
125.22
125.22
125.22
125.22
125.22
125.22
125.22
129.05
129.05
129.05
129.05
129.05
129.05
129.05
129.05
129.05
129.05
138.47
138.47
138.47
138.47
138.47
138.47
138.47
138.47
138.47
138.47
147.75
147.75
147.75
147.75
147.75
147.75
147.75
147.75
147.75
150.39
150.39
150.39
150.39
150.39
150.39
150.39
150.39
150.39
150.39
152.89
152.89
152.89
152.89
152.89
152.89
152.89
152.89
152.89
152.89
153.31
153.31
153.31
153.31
153.31
153.31
153.31
153.31
153.31
153.39
153.39
153.39
153.39
153.39
153.39
153.39
153.39
153.39
153.39
153.41
153.41
153.41
153.41
153.41
153.41
153.41
153.41
153.41
153.41
153.54
153.54
153.54
153.54
153.54
153.54
153.54
153.54
153.54
153.54
147.70
147.70
147.70
147.70
147.70
147.70
147.70
147.70
147.70
147.68
147.68
147.68
147.68
147.68
147.68
147.68
147.68
147.68
147.68
153.53
153.53
153.53
153.53
153.53
153.53
153.53
153.53
153.53
153.53
153.62
153.62
153.62
153.62
153.62
153.62
153.62
153.62
153.62
153.67
153.67
153.67
153.67
153.67
153.67
153.67
153.67
153.67
153.67
153.70
153.70
153.70
153.70
153.70
153.70
153.70
153.70
153.70
153.70
153.72
153.72
153.72
153.72
153.72
153.72
153.72
153.72
153.72
153.76
153.76
153.76
153.76
153.76
153.76
153.76
153.76
153.76
153.76
153.81
153.81
153.81
153.81
153.81
153.81
153.81
153.81
153.81
153.81
148.24
148.24
148.24
148.24
148.24
148.24
148.24
148.24
148.24
148.24
148.24
148.24
148.24
148.24
148.24
148.24
148.24
148.24
148.24
154.15
154.15
154.15
154.15
154.15
154.15
154.15
154.15
154.15
154.15
154.22
154.22
154.22
154.22
154.22
154.22
154.22
154.22
154.22
154.22
154.24
154.24
154.24
154.24
154.24
154.24
154.24
154.28
154.28
154.28
154.28
154.28
154.28
154.28
154.28
154.28
154.28
154.31
154.31
154.31
154.31
154.31
154.31
154.31
154.31
154.31
154.31
154.35
154.35
154.35
154.35
154.35
154.35
154.35
154.35
154.35
154.40
154.40
154.40
154.40
154.40
154.40
154.40
154.40
154.40
154.40
148.61
148.61
148.61
148.61
148.61
148.61
148.61
148.61
148.61
148.61
148.59
148.59
148.59
148.59
148.59
148.59
148.59
148.59
148.59
154.18
154.18
154.18
154.18
154.18
154.18
154.18
154.18
154.18
154.18
154.22
154.22
154.22
154.22
154.22
154.22
154.22
154.22
154.22
154.22
154.22
154.22
154.22
154.22
154.22
154.22
154.22
154.22
154.22
154.22
154.22
154.22
154.22
154.22
154.22
154.22
154.22
154.22
154.22
154.23
154.23
154.23
154.23
154.23
154.23
154.23
154.23
154.23
154.23
154.21
154.21
154.21
154.21
154.21
154.21
154.21
154.21
154.21
154.22
154.22
154.22
154.22
154.22
154.22
154.22
154.22
154.22
154.22
148.05
148.05
148.05
148.05
148.05
148.05
148.05
148.05
148.05
148.05
148.00
148.00
148.00
148.00
148.00
148.00
148.00
148.00
148.00
153.78
153.78
153.78
153.78
153.78
153.78
153.78
153.78
153.78
153.78
153.82
153.82
153.82
153.82
153.82
153.82
153.82
153.82
153.82
153.82
153.88
153.88
153.88
153.88
153.88
153.88
153.88
153.88
153.88
153.90
153.90
153.90
153.90
153.90
153.90
153.90
153.90
153.90
153.90
153.94
153.94
153.94
153.94
153.94
153.94
153.94
153.94
153.94
153.97
153.97
153.97
153.97
153.97
153.97
153.97
153.97
153.97
153.97
153.88
153.88
153.88
153.88
153.88
153.88
153.88
153.88
153.88
153.88
148.09
148.09
148.09
148.09
148.09
148.09
148.09
148.09
148.09
148.13
148.13
148.13
148.13
148.13
148.13
148.13
148.13
148.13
148.13
154.31
154.31
154.31
154.31
154.31
154.31
154.31
154.31
154.31
154.31
154.38
154.38
154.38
154.38
154.38
154.38
154.38
154.38
154.38
154.44
154.44
154.44
154.44
154.44
154.44
154.44
154.44
154.44
154.44
154.49
154.49
154.49
154.49
154.49
154.49
154.49
154.49
154.49
154.49
154.53
154.53
154.53
154.53
154.53
154.53
154.53
154.53
154.53
154.57
154.57
154.57
154.57
154.57
154.57
154.57
154.57
154.57
154.57
154.04
154.04
154.04
154.04
154.04
154.04
154.04
154.04
154.04
154.04
148.77
148.77
148.77
148.77
148.77
148.77
148.77
148.77
148.77
148.87
148.87
148.87
148.87
148.87
148.87
148.87
148.87
148.87
148.87
154.67
154.67
154.67
154.67
154.67
154.67
154.67
154.67
154.67
154.67
154.70
154.70
154.70
154.70
154.70
154.70
154.70
154.70
154.70
154.73
154.73
154.73
154.73
154.73
154.73
154.73
154.73
154.73
154.73
154.75
154.75
154.75
154.75
154.75
154.75
154.75
154.75
154.75
154.75
154.74
154.74
154.74
154.74
154.74
154.74
154.74
154.74
154.74
154.74
154.74
154.74
154.74
154.74
154.74
154.74
154.74
154.74
154.74
153.71
153.71
153.71
153.71
153.71
153.71
153.71
153.71
153.71
153.71
149.12
149.12
149.12
149.12
149.12
149.12
149.12
149.12
149.12
149.64
149.64
149.64
149.64
149.64
149.64
149.64
149.64
149.64
149.64
154.95
154.95
154.95
154.95
154.95
154.95
154.95
154.95
154.95
154.95
154.98
154.98
154.98
154.98
154.98
154.98
154.98
154.98
154.98
154.98
154.98
154.98
154.98
154.98
154.98
154.98
154.98
154.98
154.98
155.01
155.01
155.01
155.01
155.01
155.01
155.01
155.01
155.01
155.01
155.02
155.02
155.02
155.02
155.02
155.02
155.02
155.02
155.02
155.03
155.03
155.03
155.03
155.03
155.03
155.03
155.03
155.03
155.03
153.19
153.19
153.19
153.19
153.19
153.19
153.19
153.19
153.19
153.19
149.11
149.11
149.11
149.11
149.11
149.11
149.11
149.11
149.11
149.11
150.14
150.14
150.14
150.14
150.14
150.14
150.14
150.14
150.14
154.74
154.74
154.74
154.74
154.74
154.74
154.74
154.74
154.74
154.74
154.78
154.78
154.78
154.78
154.78
154.78
154.78
154.78
154.78
154.78
154.78
154.78
154.78
154.78
154.78
154.78
154.78
154.78
154.78
154.78
154.78
154.78
154.78
154.78
154.78
154.78
154.78
154.78
154.78
154.80
154.80
154.80
154.80
154.80
154.80
154.80
154.80
154.80
154.80
154.81
154.81
154.81
154.81
154.81
154.81
154.81
154.81
154.81
152.57
152.57
152.57
152.57
152.57
152.57
152.57
152.57
152.57
152.57
149.20
149.20
149.20
149.20
149.20
149.20
149.20
149.20
149.20
149.20
149.72
149.72
149.72
149.72
149.72
149.72
149.72
149.72
149.72
149.72
152.33
152.33
152.33
152.33
152.33
152.33
152.33
152.33
152.33
150.86
150.86
150.86
150.86
150.86
150.86
150.86
150.86
150.86
150.86
149.55
149.55
149.55
149.55
149.55
149.55
149.55
149.55
149.55
149.55
148.23
148.23
148.23
148.23
148.23
148.23
148.23
148.23
148.23
146.97
146.97
146.97
146.97
146.97
146.97
146.97
146.97
146.97
146.97
145.75
145.75
145.75
145.75
145.75
145.75
145.75
145.75
145.75
145.75
144.43
144.43
144.43
144.43
144.43
144.43
144.43
144.43
144.43
144.43
143.16
143.16
143.16
143.16
143.16
143.16
143.16
143.16
143.16
144.12
144.12
144.12
144.12
144.12
144.12
144.12
144.12
144.12
144.12
147.32
147.32
147.32
147.32
147.32
147.32
147.32
147.32
147.32
147.32
148.68
148.68
148.68
148.68
148.68
148.68
148.68
148.68
148.68
150.10
150.10
150.10
150.10
150.10
150.10
150.10
150.10
150.10
150.10
151.65
151.65
151.65
151.65
151.65
151.65
151.65
151.65
151.65
151.65
152.99
152.99
152.99
152.99
152.99
152.99
152.99
152.99
152.99
152.99
154.34
154.34
154.34
154.34
154.34
154.34
154.34
154.34
154.34
155.63
155.63
155.63
155.63
155.63
155.63
155.63
155.63
155.63
155.63
156.84
156.84
156.84
156.84
156.84
156.84
156.84
156.84
156.84
156.84
158.20
158.20
158.20
158.20
158.20
158.20
158.20
158.20
158.20
158.20
159.45
159.45
159.45
159.45
159.45
159.45
159.45
159.45
159.45
160.75
160.75
160.75
160.75
160.75
160.75
160.75
160.75
160.75
160.75
160.95
160.95
160.95
160.95
160.95
160.95
160.95
160.95
160.95
160.96
160.96
160.96
160.96
160.96
160.96
160.96
160.96
160.96
160.96
161.00
161.00
161.00
161.00
161.00
161.00
161.00
161.00
161.00
161.00
161.03
161.03
161.03
161.03
161.03
161.03
161.03
161.03
161.03
161.03
161.06
161.06
161.06
161.06
161.06
161.06
161.06
161.06
161.06
161.10
161.10
161.10
161.10
161.10
161.10
161.10
161.10
161.10
161.10
161.12
161.12
161.12
161.12
161.12
161.12
161.12
161.12
161.12
161.16
161.16
161.16
161.16
161.16
161.16
161.16
161.16
161.16
161.16
161.21
161.21
161.21
161.21
161.21
161.21
161.21
161.21
161.21
161.21
161.25
161.25
161.25
161.25
161.25
161.25
161.25
161.25
161.25
161.25
161.28
161.28
161.28
161.28
161.28
161.28
161.28
161.28
161.28
161.29
161.29
161.29
161.29
161.29
161.29
161.29
161.29
161.29
161.29
161.31
161.31
161.31
161.31
161.31
161.31
161.31
161.31
161.31
161.31
161.34
161.34
161.34
161.34
161.34
161.34
161.34
161.34
161.34
161.33
161.33
161.33
161.33
161.33
161.33
161.33
161.33
161.33
161.33
161.35
161.35
161.35
161.35
161.35
161.35
161.35
161.35
161.35
161.35
161.35
161.35
161.35
161.35
161.35
161.35
161.35
161.35
161.35
161.35
161.35
161.35
161.35
161.35
161.35
161.35
161.35
161.35
161.35
161.35
161.35
161.35
161.35
161.35
161.35
161.35
161.35
161.35
161.35
161.36
161.36
161.36
161.36
161.36
161.36
161.36
161.36
161.36
161.36
161.38
161.38
161.38
161.38
161.38
161.38
161.38
161.38
161.38
161.38
161.38
161.38
161.38
161.38
161.38
161.38
161.38
161.38
161.38
161.35
161.35
161.35
161.35
161.35
161.35
161.35
161.35
161.35
161.35
161.36
161.36
161.36
161.36
161.36
161.36
161.36
161.36
161.36
161.36
161.35
161.35
161.35
161.35
161.35
161.35
161.35
161.35
161.35
161.37
161.37
161.37
161.37
161.37
161.37
161.37
161.37
161.37
161.37
161.38
161.38
161.38
161.38
161.38
161.38
161.38
161.38
161.38
161.38
161.38
161.38
161.38
161.38
161.38
161.38
161.38
161.38
161.38
161.38
161.40
161.40
161.40
161.40
161.40
161.40
161.40
161.40
161.40
161.42
161.42
161.42
161.42
161.42
161.42
161.42
161.42
161.42
161.42
161.40
161.40
161.40
161.40
161.40
161.40
161.40
161.40
161.40
161.40
161.36
161.36
161.36
161.36
161.36
161.36
161.36
161.36
161.36
161.27
161.27
161.27
161.27
161.27
161.27
161.27
161.27
161.27
161.27
161.32
161.32
161.32
161.32
161.32
161.32
161.32
161.32
161.32
161.32
161.32
161.32
161.32
161.32
161.32
161.32
161.32
161.32
161.32
161.32
161.32
161.32
161.32
161.32
161.32
161.32
161.32
161.32
161.32
161.31
161.31
161.31
161.31
161.31
161.31
161.31
161.31
161.31
161.31
161.27
161.27
161.27
161.27
161.27
161.27
161.27
161.27
161.27
161.27
161.25
161.25
161.25
161.25
161.25
161.25
161.25
161.25
161.25
161.25
161.24
161.24
161.24
161.24
161.24
161.24
161.24
161.24
161.24
161.22
161.22
161.22
161.22
161.22
161.22
161.22
161.22
161.22
161.22
161.24
161.24
161.24
161.24
161.24
161.24
161.24
161.24
161.24
161.24
161.28
161.28
161.28
161.28
161.28
161.28
161.28
161.28
161.28
161.39
161.39
161.39
161.39
161.39
161.39
161.39
161.39
161.39
161.39
161.42
161.42
161.42
161.42
161.42
161.42
161.42
161.42
161.42
161.42
161.46
161.46
161.46
161.46
161.46
161.46
161.46
161.46
161.46
161.48
161.48
161.48
161.48
161.48
161.48
161.48
161.48
161.48
161.48
161.50
161.50
161.50
161.50
161.50
161.50
161.50
161.50
161.50
161.50
161.55
161.55
161.55
161.55
161.55
161.55
161.55
161.55
161.55
161.55
161.58
161.58
161.58
161.58
161.58
161.58
161.58
161.58
161.58
161.59
161.59
161.59
161.59
161.59
161.59
161.59
161.59
161.59
161.59
161.62
161.62
161.62
161.62
161.62
161.62
161.62
161.62
161.62
161.62
161.65
161.65
161.65
161.65
161.65
161.65
161.65
161.65
161.65
161.65
161.65
161.65
161.65
161.65
161.65
161.65
161.65
161.65
161.65
161.66
161.66
161.66
161.66
161.66
161.66
161.66
161.66
161.66
161.66
161.64
161.64
161.64
161.64
161.64
161.64
161.64
161.64
161.64
161.64
161.59
161.59
161.59
161.59
161.59
161.59
161.59
161.59
161.59
161.59
161.66
161.66
161.66
161.66
161.66
161.66
161.66
161.66
161.66
161.67
161.67
161.67
161.67
161.67
161.67
161.67
161.67
161.67
161.67
161.67
161.67
161.67
161.67
161.67
161.67
161.67
161.67
161.67
161.67
161.68
161.68
161.68
161.68
161.68
161.68
161.68
161.68
161.68
161.72
161.72
161.72
161.72
161.72
161.72
161.72
161.72
161.72
161.72
161.73
161.73
161.73
161.73
161.73
161.73
161.73
161.73
161.73
161.73
161.69
161.69
161.69
161.69
161.69
161.69
161.69
161.69
161.69
161.69
161.73
161.73
161.73
161.73
161.73
161.73
161.73
161.73
161.73
161.76
161.76
161.76
161.76
161.76
161.76
161.76
161.76
161.76
161.76
161.81
161.81
161.81
161.81
161.81
161.81
161.81
161.81
161.81
161.81
161.84
161.84
161.84
161.84
161.84
161.84
161.84
161.84
161.84
161.84
161.85
161.85
161.85
161.85
161.85
161.85
161.85
161.85
161.85
161.87
161.87
161.87
161.87
161.87
161.87
161.87
161.87
161.87
161.87
161.90
161.90
161.90
161.90
161.90
161.90
161.90
161.90
161.90
161.90
161.90
161.90
161.90
161.90
161.90
161.90
161.90
161.90
161.90
161.87
161.87
161.87
161.87
161.87
161.87
161.87
161.87
161.87
161.87
161.90
161.90
161.90
161.90
161.90
161.90
161.90
161.90
161.90
161.90
161.96
161.96
161.96
161.96
161.96
161.96
161.96
161.96
161.96
161.98
161.98
161.98
161.98
161.98
161.98
161.98
161.98
161.98
161.98
162.00
162.00
162.00
162.00
162.00
162.00
162.00
162.00
162.00
162.00
162.01
162.01
162.01
162.01
162.01
162.01
162.01
162.01
162.01
162.01
162.00
162.00
162.00
162.00
162.00
162.00
162.00
162.00
162.00
162.01
162.01
162.01
162.01
162.01
162.01
162.01
162.01
162.01
162.01
162.03
162.03
162.03
162.03
162.03
162.03
162.03
162.03
162.03
162.03
162.03
162.03
162.03
162.03
162.03
162.03
162.03
162.03
162.03
162.05
162.05
162.05
162.05
162.05
162.05
162.05
162.05
162.05
162.05
162.04
162.04
162.04
162.04
162.04
162.04
162.04
162.04
162.04
162.04
162.09
162.09
162.09
162.09
162.09
162.09
162.09
162.09
162.09
162.10
162.10
162.10
162.10
162.10
162.10
162.10
162.10
162.10
162.10
162.10
162.10
162.10
162.10
162.10
162.10
162.10
162.10
162.10
162.10
162.11
162.11
162.11
162.11
162.11
162.11
162.11
162.11
162.11
162.12
162.12
162.12
162.12
162.12
162.12
162.12
162.12
162.12
162.12
162.14
162.14
162.14
162.14
162.14
162.14
162.14
162.14
162.14
162.14
162.16
162.16
162.16
162.16
162.16
162.16
162.16
162.16
162.16
162.16
162.16
162.16
162.16
162.16
162.16
162.16
162.16
162.16
162.16
162.19
162.19
162.19
162.19
162.19
162.19
162.19
162.19
162.19
162.19
162.20
162.20
162.20
162.20
162.20
162.20
162.20
162.20
162.20
162.20
162.20
162.20
162.20
162.20
162.20
162.20
162.20
162.20
162.20
162.20
162.22
162.22
162.22
162.22
162.22
162.22
162.22
162.22
162.22
162.20
162.20
162.20
162.20
162.20
162.20
162.20
162.20
162.20
162.20
162.22
162.22
162.22
162.22
162.22
162.22
162.22
162.22
162.22
162.22
162.23
162.23
162.23
162.23
162.23
162.23
162.23
162.23
162.23
162.21
162.21
162.21
162.21
162.21
162.21
162.21
162.21
162.21
162.21
162.21
162.21
162.21
162.21
162.21
162.21
162.21
162.21
162.21
162.21
162.23
162.23
162.23
162.23
162.23
162.23
162.23
162.23
162.23
162.23
162.23
162.23
162.23
162.23
162.23
162.23
162.23
162.23
162.23
162.23
162.23
162.23
162.23
162.23
162.23
162.23
162.23
162.23
162.23
162.25
162.25
162.25
162.25
162.25
162.25
162.25
162.25
162.25
162.25
162.24
162.24
162.24
162.24
162.24
162.24
162.24
162.24
162.24
162.27
162.27
162.27
162.27
162.27
162.27
162.27
162.27
162.27
162.27
162.32
162.32
162.32
162.32
162.32
162.32
162.32
162.32
162.32
162.32
162.32
162.32
162.32
162.32
162.32
162.32
162.32
162.32
162.32
162.32
162.32
162.32
162.32
162.32
162.32
162.32
162.32
162.32
162.32
162.33
162.33
162.33
162.33
162.33
162.33
162.33
162.33
162.33
162.33
162.35
162.35
162.35
162.35
162.35
162.35
162.35
162.35
162.35
162.35
162.34
162.34
162.34
162.34
162.34
162.34
162.34
162.34
162.34
162.32
162.32
162.32
162.32
162.32
162.32
162.32
162.32
162.32
162.32
162.33
162.33
162.33
162.33
162.33
162.33
162.33
162.33
162.33
162.33
162.34
162.34
162.34
162.34
162.34
162.34
162.34
162.34
162.34
162.40
162.40
162.40
162.40
162.40
162.40
162.40
162.40
162.40
162.40
162.39
162.39
162.39
162.39
162.39
162.39
162.39
162.39
162.39
162.39
162.39
162.39
162.39
162.39
162.39
162.39
162.39
162.39
162.39
162.39
162.40
162.40
162.40
162.40
162.40
162.40
162.40
162.40
162.40
162.43
162.43
162.43
162.43
162.43
162.43
162.43
162.43
162.43
162.43
162.34
162.34
162.34
162.34
162.34
162.34
162.34
162.34
162.34
162.34
162.42
162.42
162.42
162.42
162.42
162.42
162.42
162.42
162.42
162.42
162.44
162.44
162.44
162.44
162.44
162.44
162.44
162.44
162.44
162.49
162.49
162.49
162.49
162.49
162.49
162.49
162.49
162.49
162.49
162.51
162.51
162.51
162.51
162.51
162.51
162.51
162.51
162.51
162.51
162.50
162.50
162.50
162.50
162.50
162.50
162.50
162.50
162.50
162.50
162.50
162.50
162.50
162.50
162.50
162.50
162.50
162.50
162.50
162.55
162.55
162.55
162.55
162.55
162.55
162.55
162.55
162.55
162.55
162.58
162.58
162.58
162.58
162.58
162.58
162.58
162.58
162.58
162.58
162.56
162.56
162.56
162.56
162.56
162.56
162.56
162.56
162.56
162.58
162.58
162.58
162.58
162.58
162.58
162.58
162.58
162.58
162.58
162.66
162.66
162.66
162.66
162.66
162.66
162.66
162.66
162.66
162.66
162.67
162.67
162.67
162.67
162.67
162.67
162.67
162.67
162.67
162.70
162.70
162.70
162.70
162.70
162.70
162.70
162.70
162.70
162.70
162.71
162.71
162.71
162.71
162.71
162.71
162.71
162.71
162.71
162.71
162.74
162.74
162.74
162.74
162.74
162.74
162.74
162.74
162.74
162.74
162.78
162.78
162.78
162.78
162.78
162.78
162.78
162.78
162.78
162.78
162.78
162.78
162.78
162.78
162.78
162.78
162.78
162.78
162.78
162.80
162.80
162.80
162.80
162.80
162.80
162.80
162.80
162.80
162.80
162.80
162.80
162.80
162.80
162.80
162.80
162.80
162.80
162.80
162.85
162.85
162.85
162.85
162.85
162.85
162.85
162.85
162.85
162.85
162.85
162.85
162.85
162.85
162.85
162.85
162.85
162.85
162.85
162.85
162.84
162.84
162.84
162.84
162.84
162.84
162.84
162.84
162.84
162.84
162.84
162.84
162.84
162.84
162.84
162.84
162.84
162.84
162.84
162.86
162.86
162.86
162.86
162.86
162.86
162.86
162.86
162.86
162.86
162.86
162.86
162.86
162.86
162.86
162.86
162.86
162.86
162.86
162.86
162.86
162.86
162.86
162.86
162.86
162.86
162.86
162.86
162.86
162.86
162.86
162.86
162.86
162.86
162.86
162.86
162.86
162.86
162.86
162.89
162.89
162.89
162.89
162.89
162.89
162.89
162.89
162.89
162.89
162.87
162.87
162.87
162.87
162.87
162.87
162.87
162.87
162.87
162.90
162.90
162.90
162.90
162.90
162.90
162.90
162.90
162.90
162.90
162.91
162.91
162.91
162.91
162.91
162.91
162.91
162.91
162.91
162.91
162.93
162.93
162.93
162.93
162.93
162.93
162.93
162.93
162.93
162.92
162.92
162.92
162.92
162.92
162.92
162.92
162.92
162.92
162.92
162.92
162.92
162.92
162.92
162.92
162.92
162.92
162.92
162.92
162.92
162.91
162.91
162.91
162.91
162.91
162.91
162.91
162.91
162.91
162.91
162.93
162.93
162.93
162.93
162.93
162.93
162.93
162.93
162.93
162.92
162.92
162.92
162.92
162.92
162.92
162.92
162.92
162.92
162.92
162.93
162.93
162.93
162.93
162.93
162.93
162.93
162.93
162.93
162.93
162.92
162.92
162.92
162.92
162.92
162.92
162.92
162.92
162.92
162.92
162.93
162.93
162.93
162.93
162.93
162.93
162.93
162.93
162.93
162.91
162.91
162.91
162.91
162.91
162.91
162.91
162.91
162.91
162.91
162.88
162.88
162.88
162.88
162.88
162.88
162.88
162.88
162.88
162.88
162.91
162.91
162.91
162.91
162.91
162.91
162.91
162.91
162.91
162.94
162.94
162.94
162.94
162.94
162.94
162.94
162.94
162.94
162.94
162.95
162.95
162.95
162.95
162.95
162.95
162.95
162.95
162.95
162.95
162.97
162.97
162.97
162.97
162.97
162.97
162.97
162.97
162.97
162.97
162.97
162.97
162.97
162.97
162.97
162.97
162.97
162.97
162.97
162.99
162.99
162.99
162.99
162.99
162.99
162.99
162.99
162.99
162.99
162.94
162.94
162.94
162.94
162.94
162.94
162.94
162.94
162.94
162.94
162.98
162.98
162.98
162.98
162.98
162.98
162.98
162.98
162.98
162.98
163.00
163.00
163.00
163.00
163.00
163.00
163.00
163.00
163.00
163.01
163.01
163.01
163.01
163.01
163.01
163.01
163.01
163.01
163.01
163.07
163.07
163.07
163.07
163.07
163.07
163.07
163.07
163.07
163.07
163.07
163.07
163.07
163.07
163.07
163.07
163.07
163.07
163.07
163.09
163.09
163.09
163.09
163.09
163.09
163.09
163.09
163.09
163.09
163.11
163.11
163.11
163.11
163.11
163.11
163.11
163.11
163.11
163.11
163.09
163.09
163.09
163.09
163.09
163.09
163.09
163.09
163.09
163.09
163.10
163.10
163.10
163.10
163.10
163.10
163.10
163.10
163.10
163.12
163.12
163.12
163.12
163.12
163.12
163.12
163.12
163.12
163.12
163.14
163.14
163.14
163.14
163.14
163.14
163.14
163.14
163.14
163.14
163.17
163.17
163.17
163.17
163.17
163.17
163.17
163.17
163.17
163.16
163.16
163.16
163.16
163.16
163.16
163.16
163.16
163.16
163.16
163.17
163.17
163.17
163.17
163.17
163.17
163.17
163.17
163.17
163.17
163.18
163.18
163.18
163.18
163.18
163.18
163.18
163.18
163.18
163.18
163.18
163.18
163.18
163.18
163.18
163.18
163.18
163.18
163.18
163.19
163.19
163.19
163.19
163.19
163.19
163.19
163.19
163.19
163.19
163.17
163.17
163.17
163.17
163.17
163.17
163.17
163.17
163.17
163.17
163.17
163.17
163.17
163.17
163.17
163.17
163.17
163.17
163.17
163.18
163.18
163.18
163.18
163.18
163.18
163.18
163.18
163.18
163.18
163.14
163.14
163.14
163.14
163.14
163.14
163.14
163.14
163.14
163.14
163.11
163.11
163.11
163.11
163.11
163.11
163.11
163.11
163.11
163.12
163.12
163.12
163.12
163.12
163.12
163.12
163.12
163.12
163.12
163.14
163.14
163.14
163.14
163.14
163.14
163.14
163.14
163.14
163.14
163.10
163.10
163.10
163.10
163.10
163.10
163.10
163.10
163.10
163.02
163.02
163.02
163.02
163.02
163.02
163.02
163.02
163.02
163.02
162.99
162.99
162.99
162.99
162.99
162.99
162.99
162.99
162.99
162.99
162.93
162.93
162.93
162.93
162.93
162.93
162.93
162.93
162.93
162.93
162.94
162.94
162.94
162.94
162.94
162.94
162.94
162.94
162.94
162.96
162.96
162.96
162.96
162.96
162.96
162.96
162.96
162.96
162.96
162.97
162.97
162.97
162.97
162.97
162.97
162.97
162.97
162.97
162.97
162.99
162.99
162.99
162.99
162.99
162.99
162.99
162.99
162.99
162.99
162.99
162.99
162.99
162.99
162.99
162.99
162.99
162.99
162.99
162.99
162.99
162.99
162.99
162.99
162.99
162.99
162.99
162.99
162.99
162.96
162.96
162.96
162.96
162.96
162.96
162.96
162.96
162.96
162.97
162.97
162.97
162.97
162.97
162.97
162.97
162.97
162.97
162.97
163.02
163.02
163.02
163.02
163.02
163.02
163.02
163.02
163.02
163.02
163.04
163.04
163.04
163.04
163.04
163.04
163.04
163.04
163.04
163.04
163.08
163.08
163.08
163.08
163.08
163.08
163.08
163.08
163.08
163.09
163.09
163.09
163.09
163.09
163.09
163.09
163.09
163.09
163.09
163.07
163.07
163.07
163.07
163.07
163.07
163.07
163.07
163.07
163.07
163.03
163.03
163.03
163.03
163.03
163.03
163.03
163.03
163.03
163.03
163.03
163.03
163.03
163.03
163.03
163.03
163.03
163.03
163.03
163.04
163.04
163.04
163.04
163.04
163.04
163.04
163.04
163.04
163.04
163.05
163.05
163.05
163.05
163.05
163.05
163.05
163.05
163.05
163.07
163.07
163.07
163.07
163.07
163.07
163.07
163.07
163.07
163.07
163.07
163.07
163.07
163.07
163.07
163.07
163.07
163.07
163.07
163.07
163.07
163.07
163.07
163.07
163.07
163.07
163.07
163.07
163.07
163.03
163.03
163.03
163.03
163.03
163.03
163.03
163.03
163.03
163.03
163.08
163.08
163.08
163.08
163.08
163.08
163.08
163.08
163.08
163.08
163.05
163.05
163.05
163.05
163.05
163.05
163.05
163.05
163.05
163.05
163.06
163.06
163.06
163.06
163.06
163.06
163.06
163.06
163.06
163.11
163.11
163.11
163.11
163.11
163.11
163.11
163.11
163.11
163.11
163.14
163.14
163.14
163.14
163.14
163.14
163.14
163.14
163.14
163.14
163.15
163.15
163.15
163.15
163.15
163.15
163.15
163.15
163.15
163.16
163.16
163.16
163.16
163.16
163.16
163.16
163.16
163.16
163.16
163.20
163.20
163.20
163.20
163.20
163.20
163.20
163.20
163.20
163.20
163.23
163.23
163.23
163.23
163.23
163.23
163.23
163.23
163.23
163.15
163.15
163.15
163.15
163.15
163.15
163.15
163.15
163.15
163.15
163.15
163.15
163.15
163.15
163.15
163.15
163.15
163.15
163.15
163.15
163.15
163.15
163.15
163.15
163.15
163.15
163.15
163.15
163.15
163.15
163.21
163.21
163.21
163.21
163.21
163.21
163.21
163.21
163.21
163.22
163.22
163.22
163.22
163.22
163.22
163.22
163.22
163.22
163.22
163.21
163.21
163.21
163.21
163.21
163.21
163.21
163.21
163.21
163.21
163.21
163.21
163.21
163.21
163.21
163.21
163.21
163.21
163.21
163.22
163.22
163.22
163.22
163.22
163.22
163.22
163.22
163.22
163.22
163.20
163.20
163.20
163.20
163.20
163.20
163.20
163.20
163.20
163.20
163.17
163.17
163.17
163.17
163.17
163.17
163.17
163.17
163.17
163.15
163.15
163.15
163.15
163.15
163.15
163.15
163.15
163.15
163.15
163.26
163.26
163.26
163.26
163.26
163.26
163.26
163.26
163.26
163.26
163.27
163.27
163.27
163.27
163.27
163.27
163.27
163.27
163.27
163.28
163.28
163.28
163.28
163.28
163.28
163.28
163.28
163.28
163.28
163.28
163.28
163.28
163.28
163.28
163.28
163.28
163.28
163.28
163.28
163.29
163.29
163.29
163.29
163.29
163.29
163.29
163.29
163.29
163.27
163.27
163.27
163.27
163.27
163.27
163.27
163.27
163.27
163.27
163.28
163.28
163.28
163.28
163.28
163.28
163.28
163.28
163.28
163.28
163.26
163.26
163.26
163.26
163.26
163.26
163.26
163.26
163.26
163.27
163.27
163.27
163.27
163.27
163.27
163.27
163.27
163.27
163.27
163.29
163.29
163.29
163.29
163.29
163.29
163.29
163.29
163.29
163.29
163.31
163.31
163.31
163.31
163.31
163.31
163.31
163.31
163.31
163.31
163.31
163.31
163.31
163.31
163.31
163.31
163.31
163.31
163.31
163.33
163.33
163.33
163.33
163.33
163.33
163.33
163.33
163.33
163.33
163.34
163.34
163.34
163.34
163.34
163.34
163.34
163.34
163.34
163.31
163.31
163.31
163.31
163.31
163.31
163.31
163.31
163.31
163.31
163.34
163.34
163.34
163.34
163.34
163.34
163.34
163.34
163.34
163.38
163.38
163.38
163.38
163.38
163.38
163.38
163.38
163.38
163.38
163.34
163.34
163.34
163.34
163.34
163.34
163.34
163.34
163.34
163.34
163.41
163.41
163.41
163.41
163.41
163.41
163.41
163.41
163.41
163.41
163.41
163.41
163.41
163.41
163.41
163.41
163.41
163.41
163.41
163.44
163.44
163.44
163.44
163.44
163.44
163.44
163.44
163.44
163.44
163.48
163.48
163.48
163.48
163.48
163.48
163.48
163.48
163.48
163.47
163.47
163.47
163.47
163.47
163.47
163.47
163.47
163.47
163.47
163.48
163.48
163.48
163.48
163.48
163.48
163.48
163.48
163.48
163.48
163.48
163.48
163.48
163.48
163.48
163.48
163.48
163.48
163.48
163.51
163.51
163.51
163.51
163.51
163.51
163.51
163.51
163.51
163.51
163.50
163.50
163.50
163.50
163.50
163.50
163.50
163.50
163.50
163.50
163.50
163.50
163.50
163.50
163.50
163.50
163.50
163.50
163.50
163.51
163.51
163.51
163.51
163.51
163.51
163.51
163.51
163.51
163.51
163.54
163.54
163.54
163.54
163.54
163.54
163.54
163.54
163.54
163.54
163.56
163.56
163.56
163.56
163.56
163.56
163.56
163.56
163.56
163.58
163.58
163.58
163.58
163.58
163.58
163.58
163.58
163.58
163.58
163.58
163.58
163.58
163.58
163.58
163.58
163.58
163.58
163.58
163.58
163.63
163.63
163.63
163.63
163.63
163.63
163.63
163.63
163.63
163.65
163.65
163.65
163.65
163.65
163.65
163.65
163.65
163.65
163.65
163.66
163.66
163.66
163.66
163.66
163.66
163.66
163.66
163.66
163.66
163.68
163.68
163.68
163.68
163.68
163.68
163.68
163.68
163.68
163.69
163.69
163.69
163.69
163.69
163.69
163.69
163.69
163.69
163.69
163.68
163.68
163.68
163.68
163.68
163.68
163.68
163.68
163.68
163.68
163.71
163.71
163.71
163.71
163.71
163.71
163.71
163.71
163.71
163.71
163.71
163.71
163.71
163.71
163.71
163.71
163.71
163.71
163.71
163.71
163.71
163.71
163.71
163.71
163.71
163.71
163.71
163.71
163.71
163.70
163.70
163.70
163.70
163.70
163.70
163.70
163.70
163.70
163.70
163.70
163.70
163.70
163.70
163.70
163.70
163.70
163.70
163.70
163.65
163.65
163.65
163.65
163.65
163.65
163.65
163.65
163.65
163.65
163.71
163.71
163.71
163.71
163.71
163.71
163.71
163.71
163.71
163.71
163.72
163.72
163.72
163.72
163.72
163.72
163.72
163.72
163.72
163.72
163.72
163.72
163.72
163.72
163.72
163.72
163.72
163.72
163.72
163.76
163.76
163.76
163.76
163.76
163.76
163.76
163.76
163.76
163.76
163.81
163.81
163.81
163.81
163.81
163.81
163.81
163.81
163.81
163.81
163.82
163.82
163.82
163.82
163.82
163.82
163.82
163.82
163.82
163.83
163.83
163.83
163.83
163.83
163.83
163.83
163.83
163.83
163.83
163.85
163.85
163.85
163.85
163.85
163.85
163.85
163.85
163.85
163.85
163.90
163.90
163.90
163.90
163.90
163.90
163.90
163.90
163.90
163.90
163.93
163.93
163.93
163.93
163.93
163.93
163.93
163.93
163.93
163.94
163.94
163.94
163.94
163.94
163.94
163.94
163.94
163.94
163.94
163.96
163.96
163.96
163.96
163.96
163.96
163.96
163.96
163.96
163.96
163.98
163.98
163.98
163.98
163.98
163.98
163.98
163.98
163.98
163.99
163.99
163.99
163.99
163.99
163.99
163.99
163.99
163.99
163.99
163.99
163.99
163.99
163.99
163.99
163.99
163.99
163.99
163.99
163.99
163.99
163.99
163.99
163.99
163.99
163.99
163.99
163.99
163.99
163.99
164.01
164.01
164.01
164.01
164.01
164.01
164.01
164.01
164.01
164.04
164.04
164.04
164.04
164.04
164.04
164.04
164.04
164.04
164.04
163.99
163.99
163.99
163.99
163.99
163.99
163.99
163.99
163.99
163.99
163.98
163.98
163.98
163.98
163.98
163.98
163.98
163.98
163.98
163.97
163.97
163.97
163.97
163.97
163.97
163.97
163.97
163.97
163.97
164.01
164.01
164.01
164.01
164.01
164.01
164.01
164.01
164.01
164.01
164.00
164.00
164.00
164.00
164.00
164.00
164.00
164.00
164.00
164.00
163.99
163.99
163.99
163.99
163.99
163.99
163.99
163.99
163.99
164.01
164.01
164.01
164.01
164.01
164.01
164.01
164.01
164.01
164.01
164.02
164.02
164.02
164.02
164.02
164.02
164.02
164.02
164.02
164.02
163.96
163.96
163.96
163.96
163.96
163.96
163.96
163.96
163.96
164.02
164.02
164.02
164.02
164.02
164.02
164.02
164.02
164.02
164.02
164.01
164.01
164.01
164.01
164.01
164.01
164.01
164.01
164.01
164.01
164.07
164.07
164.07
164.07
164.07
164.07
164.07
164.07
164.07
164.07
164.07
164.07
164.07
164.07
164.07
164.07
164.07
164.07
164.07
164.09
164.09
164.09
164.09
164.09
164.09
164.09
164.09
164.09
164.09
164.08
164.08
164.08
164.08
164.08
164.08
164.08
164.08
164.08
164.10
164.10
164.10
164.10
164.10
164.10
164.10
164.10
164.10
164.10
164.10
164.10
164.10
164.10
164.10
164.10
164.10
164.10
164.10
164.10
164.09
164.09
164.09
164.09
164.09
164.09
164.09
164.09
164.09
164.09
164.09
164.09
164.09
164.09
164.09
164.09
164.09
164.09
164.09
164.07
164.07
164.07
164.07
164.07
164.07
164.07
164.07
164.07
164.07
164.02
164.02
164.02
164.02
164.02
164.02
164.02
164.02
164.02
164.02
163.98
163.98
163.98
163.98
163.98
163.98
163.98
163.98
163.98
163.97
163.97
163.97
163.97
163.97
163.97
163.97
163.97
163.97
163.97
163.96
163.96
163.96
163.96
163.96
163.96
163.96
163.96
163.96
163.96
163.94
163.94
163.94
163.94
163.94
163.94
163.94
163.94
163.94
163.94
163.87
163.87
163.87
163.87
163.87
163.87
163.87
163.87
163.87
163.85
163.85
163.85
163.85
163.85
163.85
163.85
163.85
163.85
163.85
163.83
163.83
163.83
163.83
163.83
163.83
163.83
163.83
163.83
163.83
163.81
163.81
163.81
163.81
163.81
163.81
163.81
163.81
163.81
163.81
163.79
163.79
163.79
163.79
163.79
163.79
163.79
163.79
163.79
163.78
163.78
163.78
163.78
163.78
163.78
163.78
163.78
163.78
163.78
163.79
163.79
163.79
163.79
163.79
163.79
163.79
163.79
163.79
163.79
163.80
163.80
163.80
163.80
163.80
163.80
163.80
163.80
163.80
163.79
163.79
163.79
163.79
163.79
163.79
163.79
163.79
163.79
163.79
163.80
163.80
163.80
163.80
163.80
163.80
163.80
163.80
163.80
163.80
163.76
163.76
163.76
163.76
163.76
163.76
163.76
163.76
163.76
163.76
163.86
163.86
163.86
163.86
163.86
163.86
163.86
163.86
163.86
163.87
163.87
163.87
163.87
163.87
163.87
163.87
163.87
163.87
163.87
163.89
163.89
163.89
163.89
163.89
163.89
163.89
163.89
163.89
163.89
163.89
163.89
163.89
163.89
163.89
163.89
163.89
163.89
163.89
163.89
163.90
163.90
163.90
163.90
163.90
163.90
163.90
163.90
163.90
163.92
163.92
163.92
163.92
163.92
163.92
163.92
163.92
163.92
163.92
163.93
163.93
163.93
163.93
163.93
163.93
163.93
163.93
163.93
163.93
163.94
163.94
163.94
163.94
163.94
163.94
163.94
163.94
163.94
163.96
163.96
163.96
163.96
163.96
163.96
163.96
163.96
163.96
163.96
163.96
163.96
163.96
163.96
163.96
163.96
163.96
163.96
163.96
163.96
164.01
164.01
164.01
164.01
164.01
164.01
164.01
164.01
164.01
163.95
163.95
163.95
163.95
163.95
163.95
163.95
163.95
163.95
163.95
163.98
163.98
163.98
163.98
163.98
163.98
163.98
163.98
163.98
163.98
164.00
164.00
164.00
164.00
164.00
164.00
164.00
164.00
164.00
164.03
164.03
164.03
164.03
164.03
164.03
164.03
164.03
164.03
164.03
164.08
164.08
164.08
164.08
164.08
164.08
164.08
164.08
164.08
164.08
164.12
164.12
164.12
164.12
164.12
164.12
164.12
164.12
164.12
164.16
164.16
164.16
164.16
164.16
164.16
164.16
164.16
164.16
164.16
164.20
164.20
164.20
164.20
164.20
164.20
164.20
164.20
164.20
164.20
164.22
164.22
164.22
164.22
164.22
164.22
164.22
164.22
164.22
164.22
164.26
164.26
164.26
164.26
164.26
164.26
164.26
164.26
164.26
164.21
164.21
164.21
164.21
164.21
164.21
164.21
164.21
164.21
164.21
164.27
164.27
164.27
164.27
164.27
164.27
164.27
164.27
164.27
164.27
164.29
164.29
164.29
164.29
164.29
164.29
164.29
164.29
164.29
164.28
164.28
164.28
164.28
164.28
164.28
164.28
164.28
164.28
164.28
164.30
164.30
164.30
164.30
164.30
164.30
164.30
164.30
164.30
164.30
164.30
164.30
164.30
164.30
164.30
164.30
164.30
164.30
164.30
164.31
164.31
164.31
164.31
164.31
164.31
164.31
164.31
164.31
164.31
164.32
164.32
164.32
164.32
164.32
164.32
164.32
164.32
164.32
164.32
164.34
164.34
164.34
164.34
164.34
164.34
164.34
164.34
164.34
164.38
164.38
164.38
164.38
164.38
164.38
164.38
164.38
164.38
164.38
164.36
164.36
164.36
164.36
164.36
164.36
164.36
164.36
164.36
164.36
164.39
164.39
164.39
164.39
164.39
164.39
164.39
164.39
164.39
164.43
164.43
164.43
164.43
164.43
164.43
164.43
164.43
164.43
164.43
164.43
164.43
164.43
164.43
164.43
164.43
164.43
164.43
164.43
164.43
164.46
164.46
164.46
164.46
164.46
164.46
164.46
164.46
164.46
164.46
164.46
164.46
164.46
164.46
164.46
164.46
164.46
164.46
164.46
164.45
164.45
164.45
164.45
164.45
164.45
164.45
164.45
164.45
164.45
164.43
164.43
164.43
164.43
164.43
164.43
164.43
164.43
164.43
164.43
164.43
164.43
164.43
164.43
164.43
164.43
164.43
164.43
164.43
164.43
164.43
164.43
164.43
164.43
164.43
164.43
164.43
164.43
164.43
164.40
164.40
164.40
164.40
164.40
164.40
164.40
164.40
164.40
164.44
164.44
164.44
164.44
164.44
164.44
164.44
164.44
164.44
164.44
164.45
164.45
164.45
164.45
164.45
164.45
164.45
164.45
164.45
164.45
164.46
164.46
164.46
164.46
164.46
164.46
164.46
164.46
164.46
164.46
164.49
164.49
164.49
164.49
164.49
164.49
164.49
164.49
164.49
164.51
164.51
164.51
164.51
164.51
164.51
164.51
164.51
164.51
164.51
164.51
164.51
164.51
164.51
164.51
164.51
164.51
164.51
164.51
164.51
164.53
164.53
164.53
164.53
164.53
164.53
164.53
164.53
164.53
164.54
164.54
164.54
164.54
164.54
164.54
164.54
164.54
164.54
164.54
164.55
164.55
164.55
164.55
164.55
164.55
164.55
164.55
164.55
164.55
164.55
164.55
164.55
164.55
164.55
164.55
164.55
164.55
164.55
164.59
164.59
164.59
164.59
164.59
164.59
164.59
164.59
164.59
164.59
164.61
164.61
164.61
164.61
164.61
164.61
164.61
164.61
164.61
164.61
164.62
164.62
164.62
164.62
164.62
164.62
164.62
164.62
164.62
164.62
164.59
164.59
164.59
164.59
164.59
164.59
164.59
164.59
164.59
164.56
164.56
164.56
164.56
164.56
164.56
164.56
164.56
164.56
164.56
164.54
164.54
164.54
164.54
164.54
164.54
164.54
164.54
164.54
164.54
164.58
164.58
164.58
164.58
164.58
164.58
164.58
164.58
164.58
164.54
164.54
164.54
164.54
164.54
164.54
164.54
164.54
164.54
164.54
164.61
164.61
164.61
164.61
164.61
164.61
164.61
164.61
164.61
164.61
164.61
164.61
164.61
164.61
164.61
164.61
164.61
164.61
164.61
164.61
164.63
164.63
164.63
164.63
164.63
164.63
164.63
164.63
164.63
164.61
164.61
164.61
164.61
164.61
164.61
164.61
164.61
164.61
164.61
164.55
164.55
164.55
164.55
164.55
164.55
164.55
164.55
164.55
164.55
164.56
164.56
164.56
164.56
164.56
164.56
164.56
164.56
164.56
164.59
164.59
164.59
164.59
164.59
164.59
164.59
164.59
164.59
164.59
164.61
164.61
164.61
164.61
164.61
164.61
164.61
164.61
164.61
164.61
164.64
164.64
164.64
164.64
164.64
164.64
164.64
164.64
164.64
164.64
164.64
164.64
164.64
164.64
164.64
164.64
164.64
164.64
164.64
164.66
164.66
164.66
164.66
164.66
164.66
164.66
164.66
164.66
164.66
164.66
164.66
164.66
164.66
164.66
164.66
164.66
164.66
164.66
164.66
164.66
164.66
164.66
164.66
164.66
164.66
164.66
164.66
164.66
164.66
164.65
164.65
164.65
164.65
164.65
164.65
164.65
164.65
164.65
164.65
164.65
164.65
164.65
164.65
164.65
164.65
164.65
164.65
164.65
164.71
164.71
164.71
164.71
164.71
164.71
164.71
164.71
164.71
164.71
164.70
164.70
164.70
164.70
164.70
164.70
164.70
164.70
164.70
164.71
164.71
164.71
164.71
164.71
164.71
164.71
164.71
164.71
164.71
164.70
164.70
164.70
164.70
164.70
164.70
164.70
164.70
164.70
164.70
164.67
164.67
164.67
164.67
164.67
164.67
164.67
164.67
164.67
164.67
164.63
164.63
164.63
164.63
164.63
164.63
164.63
164.63
164.63
164.60
164.60
164.60
164.60
164.60
164.60
164.60
164.60
164.60
164.60
164.57
164.57
164.57
164.57
164.57
164.57
164.57
164.57
164.57
164.57
164.56
164.56
164.56
164.56
164.56
164.56
164.56
164.56
164.56
164.56
164.54
164.54
164.54
164.54
164.54
164.54
164.54
164.54
164.54
164.54
164.54
164.54
164.54
164.54
164.54
164.54
164.54
164.54
164.54
164.49
164.49
164.49
164.49
164.49
164.49
164.49
164.49
164.49
164.49
164.52
164.52
164.52
164.52
164.52
164.52
164.52
164.52
164.52
164.52
164.52
164.52
164.52
164.52
164.52
164.52
164.52
164.52
164.52
164.51
164.51
164.51
164.51
164.51
164.51
164.51
164.51
164.51
164.51
164.51
164.51
164.51
164.51
164.51
164.51
164.51
164.51
164.51
164.56
164.56
164.56
164.56
164.56
164.56
164.56
164.56
164.56
164.56
164.59
164.59
164.59
164.59
164.59
164.59
164.59
164.59
164.59
164.59
164.62
164.62
164.62
164.62
164.62
164.62
164.62
164.62
164.62
164.62
164.65
164.65
164.65
164.65
164.65
164.65
164.65
164.65
164.65
164.67
164.67
164.67
164.67
164.67
164.67
164.67
164.67
164.67
164.67
164.69
164.69
164.69
164.69
164.69
164.69
164.69
164.69
164.69
164.69
164.68
164.68
164.68
164.68
164.68
164.68
164.68
164.68
164.68
164.68
164.70
164.70
164.70
164.70
164.70
164.70
164.70
164.70
164.70
164.73
164.73
164.73
164.73
164.73
164.73
164.73
164.73
164.73
164.73
164.75
164.75
164.75
164.75
164.75
164.75
164.75
164.75
164.75
164.75
164.77
164.77
164.77
164.77
164.77
164.77
164.77
164.77
164.77
164.77
164.76
164.76
164.76
164.76
164.76
164.76
164.76
164.76
164.76
164.75
164.75
164.75
164.75
164.75
164.75
164.75
164.75
164.75
164.75
164.75
164.75
164.75
164.75
164.75
164.75
164.75
164.75
164.75
164.75
164.72
164.72
164.72
164.72
164.72
164.72
164.72
164.72
164.72
164.72
164.73
164.73
164.73
164.73
164.73
164.73
164.73
164.73
164.73
164.72
164.72
164.72
164.72
164.72
164.72
164.72
164.72
164.72
164.72
164.74
164.74
164.74
164.74
164.74
164.74
164.74
164.74
164.74
164.74
164.73
164.73
164.73
164.73
164.73
164.73
164.73
164.73
164.73
164.73
164.71
164.71
164.71
164.71
164.71
164.71
164.71
164.71
164.71
164.72
164.72
164.72
164.72
164.72
164.72
164.72
164.72
164.72
164.72
164.75
164.75
164.75
164.75
164.75
164.75
164.75
164.75
164.75
164.75
164.75
164.75
164.75
164.75
164.75
164.75
164.75
164.75
164.75
164.77
164.77
164.77
164.77
164.77
164.77
164.77
164.77
164.77
164.77
164.78
164.78
164.78
164.78
164.78
164.78
164.78
164.78
164.78
164.78
164.86
164.86
164.86
164.86
164.86
164.86
164.86
164.86
164.86
164.87
164.87
164.87
164.87
164.87
164.87
164.87
164.87
164.87
164.87
164.88
164.88
164.88
164.88
164.88
164.88
164.88
164.88
164.88
164.88
164.90
164.90
164.90
164.90
164.90
164.90
164.90
164.90
164.90
164.90
164.92
164.92
164.92
164.92
164.92
164.92
164.92
164.92
164.92
164.96
164.96
164.96
164.96
164.96
164.96
164.96
164.96
164.96
164.96
164.94
164.94
164.94
164.94
164.94
164.94
164.94
164.94
164.94
164.94
164.94
164.94
164.94
164.94
164.94
164.94
164.94
164.94
164.94
164.90
164.90
164.90
164.90
164.90
164.90
164.90
164.90
164.90
164.90
164.94
164.94
164.94
164.94
164.94
164.94
164.94
164.94
164.94
164.94
164.94
164.94
164.94
164.94
164.94
164.94
164.94
164.94
164.94
164.94
164.94
164.94
164.94
164.94
164.94
164.94
164.94
164.94
164.94
164.96
164.96
164.96
164.96
164.96
164.96
164.96
164.96
164.96
164.96
164.97
164.97
164.97
164.97
164.97
164.97
164.97
164.97
164.97
164.93
164.93
164.93
164.93
164.93
164.93
164.93
164.93
164.93
164.93
164.96
164.96
164.96
164.96
164.96
164.96
164.96
164.96
164.96
164.96
164.96
164.96
164.96
164.96
164.96
164.96
164.96
164.96
164.96
164.96
164.97
164.97
164.97
164.97
164.97
164.97
164.97
164.97
164.97
164.99
164.99
164.99
164.99
164.99
164.99
164.99
164.99
164.99
164.99
165.01
165.01
165.01
165.01
165.01
165.01
165.01
165.01
165.01
165.01
165.06
165.06
165.06
165.06
165.06
165.06
165.06
165.06
165.06
165.09
165.09
165.09
165.09
165.09
165.09
165.09
165.09
165.09
165.09
165.07
165.07
165.07
165.07
165.07
165.07
165.07
165.07
165.07
165.07
165.09
165.09
165.09
165.09
165.09
165.09
165.09
165.09
165.09
165.09
165.11
165.11
165.11
165.11
165.11
165.11
165.11
165.11
165.11
165.17
165.17
165.17
165.17
165.17
165.17
165.17
165.17
165.17
165.17
165.18
165.18
165.18
165.18
165.18
165.18
165.18
165.18
165.18
165.18
165.18
165.18
165.18
165.18
165.18
165.18
165.18
165.18
165.18
165.20
165.20
165.20
165.20
165.20
165.20
165.20
165.20
165.20
165.20
165.23
165.23
165.23
165.23
165.23
165.23
165.23
165.23
165.23
165.23
165.16
165.16
165.16
165.16
165.16
165.16
165.16
165.16
165.16
165.13
165.13
165.13
165.13
165.13
165.13
165.13
165.13
165.13
165.13
165.10
165.10
165.10
165.10
165.10
165.10
165.10
165.10
165.10
165.10
165.11
165.11
165.11
165.11
165.11
165.11
165.11
165.11
165.11
165.11
165.09
165.09
165.09
165.09
165.09
165.09
165.09
165.09
165.09
165.07
165.07
165.07
165.07
165.07
165.07
165.07
165.07
165.07
165.07
165.07
165.07
165.07
165.07
165.07
165.07
165.07
165.07
165.07
165.07
165.07
165.07
165.07
165.07
165.07
165.07
165.07
165.07
165.07
165.07
165.05
165.05
165.05
165.05
165.05
165.05
165.05
165.05
165.05
164.99
164.99
164.99
164.99
164.99
164.99
164.99
164.99
164.99
164.99
164.96
164.96
164.96
164.96
164.96
164.96
164.96
164.96
164.96
164.96
165.00
165.00
165.00
165.00
165.00
165.00
165.00
165.00
165.00
165.00
165.00
165.00
165.00
165.00
165.00
165.00
165.00
165.00
165.00
165.01
165.01
165.01
165.01
165.01
165.01
165.01
165.01
165.01
165.01
165.00
165.00
165.00
165.00
165.00
165.00
165.00
165.00
165.00
165.00
165.02
165.02
165.02
165.02
165.02
165.02
165.02
165.02
165.02
165.02
164.97
164.97
164.97
164.97
164.97
164.97
164.97
164.97
164.97
165.02
165.02
165.02
165.02
165.02
165.02
165.02
165.02
165.02
165.02
165.04
165.04
165.04
165.04
165.04
165.04
165.04
165.04
165.04
165.04
165.07
165.07
165.07
165.07
165.07
165.07
165.07
165.07
165.07
165.13
165.13
165.13
165.13
165.13
165.13
165.13
165.13
165.13
165.13
165.16
165.16
165.16
165.16
165.16
165.16
165.16
165.16
165.16
165.16
165.19
165.19
165.19
165.19
165.19
165.19
165.19
165.19
165.19
165.19
165.20
165.20
165.20
165.20
165.20
165.20
165.20
165.20
165.20
165.21
165.21
165.21
165.21
165.21
165.21
165.21
165.21
165.21
165.21
165.21
165.21
165.21
165.21
165.21
165.21
165.21
165.21
165.21
165.21
165.22
165.22
165.22
165.22
165.22
165.22
165.22
165.22
165.22
165.22
165.22
165.22
165.22
165.22
165.22
165.22
165.22
165.22
165.22
165.23
165.23
165.23
165.23
165.23
165.23
165.23
165.23
165.23
165.23
165.19
165.19
165.19
165.19
165.19
165.19
165.19
165.19
165.19
165.19
165.19
165.19
165.19
165.19
165.19
165.19
165.19
165.19
165.19
165.16
165.16
165.16
165.16
165.16
165.16
165.16
165.16
165.16
165.16
165.16
165.16
165.16
165.16
165.16
165.16
165.16
165.16
165.16
165.16
165.16
165.16
165.16
165.16
165.16
165.16
165.16
165.16
165.16
165.16
165.16
165.16
165.16
165.16
165.16
165.16
165.16
165.16
165.16
165.14
165.14
165.14
165.14
165.14
165.14
165.14
165.14
165.14
165.14
165.15
165.15
165.15
165.15
165.15
165.15
165.15
165.15
165.15
165.15
165.12
165.12
165.12
165.12
165.12
165.12
165.12
165.12
165.12
165.10
165.10
165.10
165.10
165.10
165.10
165.10
165.10
165.10
165.10
165.08
165.08
165.08
165.08
165.08
165.08
165.08
165.08
165.08
165.08
165.10
165.10
165.10
165.10
165.10
165.10
165.10
165.10
165.10
165.10
165.09
165.09
165.09
165.09
165.09
165.09
165.09
165.09
165.09
165.09
165.07
165.07
165.07
165.07
165.07
165.07
165.07
165.07
165.07
165.03
165.03
165.03
165.03
165.03
165.03
165.03
165.03
165.03
165.03
165.12
165.12
165.12
165.12
165.12
165.12
165.12
165.12
165.12
165.12
165.14
165.14
165.14
165.14
165.14
165.14
165.14
165.14
165.14
165.14
165.16
165.16
165.16
165.16
165.16
165.16
165.16
165.16
165.16
165.16
165.16
165.16
165.16
165.16
165.16
165.16
165.16
165.16
165.16
165.17
165.17
165.17
165.17
165.17
165.17
165.17
165.17
165.17
165.17
165.19
165.19
165.19
165.19
165.19
165.19
165.19
165.19
165.19
165.17
165.17
165.17
165.17
165.17
165.17
165.17
165.17
165.17
165.17
165.18
165.18
165.18
165.18
165.18
165.18
165.18
165.18
165.18
165.18
165.17
165.17
165.17
165.17
165.17
165.17
165.17
165.17
165.17
165.09
165.09
165.09
165.09
165.09
165.09
165.09
165.09
165.09
165.09
165.06
165.06
165.06
165.06
165.06
165.06
165.06
165.06
165.06
165.06
165.00
165.00
165.00
165.00
165.00
165.00
165.00
165.00
165.00
165.00
164.99
164.99
164.99
164.99
164.99
164.99
164.99
164.99
164.99
164.96
164.96
164.96
164.96
164.96
164.96
164.96
164.96
164.96
164.96
164.91
164.91
164.91
164.91
164.91
164.91
164.91
164.91
164.91
164.91
164.91
164.91
164.91
164.91
164.91
164.91
164.91
164.91
164.91
164.89
164.89
164.89
164.89
164.89
164.89
164.89
164.89
164.89
164.89
164.94
164.94
164.94
164.94
164.94
164.94
164.94
164.94
164.94
164.94
164.95
164.95
164.95
164.95
164.95
164.95
164.95
164.95
164.95
164.96
164.96
164.96
164.96
164.96
164.96
164.96
164.96
164.96
164.96
165.07
165.07
165.07
165.07
165.07
165.07
165.07
165.07
165.07
165.07
165.08
165.08
165.08
165.08
165.08
165.08
165.08
165.08
165.08
165.08
165.11
165.11
165.11
165.11
165.11
165.11
165.11
165.11
165.11
165.08
165.08
165.08
165.08
165.08
165.08
165.08
165.08
165.08
165.08
165.09
165.09
165.09
165.09
165.09
165.09
165.09
165.09
165.09
165.09
165.15
165.15
165.15
165.15
165.15
165.15
165.15
165.15
165.15
165.09
165.09
165.09
165.09
165.09
165.09
165.09
165.09
165.09
165.09
165.15
165.15
165.15
165.15
165.15
165.15
165.15
165.15
165.15
165.15
165.15
165.15
165.15
165.15
165.15
165.15
165.15
165.15
165.15
165.16
165.16
165.16
165.16
165.16
165.16
165.16
165.16
165.16
165.16
165.20
165.20
165.20
165.20
165.20
165.20
165.20
165.20
165.20
165.20
165.21
165.21
165.21
165.21
165.21
165.21
165.21
165.21
165.21
165.21
165.25
165.25
165.25
165.25
165.25
165.25
165.25
165.25
165.25
165.26
165.26
165.26
165.26
165.26
165.26
165.26
165.26
165.26
165.26
165.32
165.32
165.32
165.32
165.32
165.32
165.32
165.32
165.32
165.32
165.34
165.34
165.34
165.34
165.34
165.34
165.34
165.34
165.34
165.34
165.38
165.38
165.38
165.38
165.38
165.38
165.38
165.38
165.38
165.43
165.43
165.43
165.43
165.43
165.43
165.43
165.43
165.43
165.43
165.47
165.47
165.47
165.47
165.47
165.47
165.47
165.47
165.47
165.49
165.49
165.49
165.49
165.49
165.49
165.49
165.49
165.49
165.49
165.51
165.51
165.51
165.51
165.51
165.51
165.51
165.51
165.51
165.51
165.51
165.51
165.51
165.51
165.51
165.51
165.51
165.51
165.51
165.54
165.54
165.54
165.54
165.54
165.54
165.54
165.54
165.54
165.54
165.55
165.55
165.55
165.55
165.55
165.55
165.55
165.55
165.55
165.55
165.57
165.57
165.57
165.57
165.57
165.57
165.57
165.57
165.57
165.57
165.57
165.57
165.57
165.57
165.57
165.57
165.57
165.57
165.57
165.60
165.60
165.60
165.60
165.60
165.60
165.60
165.60
165.60
165.60
165.62
165.62
165.62
165.62
165.62
165.62
165.62
165.62
165.62
165.59
165.59
165.59
165.59
165.59
165.59
165.59
165.59
165.59
165.59
165.58
165.58
165.58
165.58
165.58
165.58
165.58
165.58
165.58
165.58
165.58
165.58
165.58
165.58
165.58
165.58
165.58
165.58
165.58
164.34
164.34
164.34
164.34
164.34
164.34
164.34
164.34
164.34
164.34
163.03
163.03
163.03
163.03
163.03
163.03
163.03
163.03
163.03
161.74
161.74
161.74
161.74
161.74
161.74
161.74
161.74
161.74
161.74
160.34
160.34
160.34
160.34
160.34
160.34
160.34
160.34
160.34
160.34
159.06
159.06
159.06
159.06
159.06
159.06
159.06
159.06
159.06
157.72
157.72
157.72
157.72
157.72
157.72
157.72
157.72
157.72
157.72
156.41
156.41
156.41
156.41
156.41
156.41
156.41
156.41
156.41
156.41
155.07
155.07
155.07
155.07
155.07
155.07
155.07
155.07
155.07
153.80
153.80
153.80
153.80
153.80
153.80
153.80
153.80
153.80
153.80
152.57
152.57
152.57
152.57
152.57
152.57
152.57
152.57
152.57
152.57
152.52
152.52
152.52
152.52
152.52
152.52
152.52
152.52
152.52
153.72
153.72
153.72
153.72
153.72
153.72
153.72
153.72
153.72
153.72
155.02
155.02
155.02
155.02
155.02
155.02
155.02
155.02
155.02
155.02
156.26
156.26
156.26
156.26
156.26
156.26
156.26
156.26
156.26
157.69
157.69
157.69
157.69
157.69
157.69
157.69
157.69
157.69
157.69
158.93
158.93
158.93
158.93
158.93
158.93
158.93
158.93
158.93
158.93
160.21
160.21
160.21
160.21
160.21
160.21
160.21
160.21
160.21
161.47
161.47
161.47
161.47
161.47
161.47
161.47
161.47
161.47
161.47
162.75
162.75
162.75
162.75
162.75
162.75
162.75
162.75
162.75
162.75
164.06
164.06
164.06
164.06
164.06
164.06
164.06
164.06
164.06
165.29
165.29
165.29
165.29
165.29
165.29
165.29
165.29
165.29
165.29
165.33
165.33
165.33
165.33
165.33
165.33
165.33
165.33
165.33
165.33
165.34
165.34
165.34
165.34
165.34
165.34
165.34
165.34
165.34
165.32
165.32
165.32
165.32
165.32
165.32
165.32
165.32
165.32
165.32
165.31
165.31
165.31
165.31
165.31
165.31
165.31
165.31
165.31
165.31
165.33
165.33
165.33
165.33
165.33
165.33
165.33
165.33
165.33
165.33
165.34
165.34
165.34
165.34
165.34
165.34
165.34
165.34
165.34
165.40
165.40
165.40
165.40
165.40
165.40
165.40
165.40
165.40
165.40
165.43
165.43
165.43
165.43
165.43
165.43
165.43
165.43
165.43
165.43
165.47
165.47
165.47
165.47
165.47
165.47
165.47
165.47
165.47
165.48
165.48
165.48
165.48
165.48
165.48
165.48
165.48
165.48
165.48
165.48
165.48
165.48
165.48
165.48
165.48
165.48
165.48
165.48
165.48
165.43
165.43
165.43
165.43
165.43
165.43
165.43
165.43
165.43
165.43
165.43
165.43
165.43
165.43
165.43
165.43
165.43
165.43
165.43
165.44
165.44
165.44
165.44
165.44
165.44
165.44
165.44
165.44
165.44
165.43
165.43
165.43
165.43
165.43
165.43
165.43
165.43
165.43
165.40
165.40
165.40
165.40
165.40
165.40
165.40
165.40
165.40
165.40
165.39
165.39
165.39
165.39
165.39
165.39
165.39
165.39
165.39
165.39
165.38
165.38
165.38
165.38
165.38
165.38
165.38
165.38
165.38
165.37
165.37
165.37
165.37
165.37
165.37
165.37
165.37
165.37
165.37
165.31
165.31
165.31
165.31
165.31
165.31
165.31
165.31
165.31
165.31
165.34
165.34
165.34
165.34
165.34
165.34
165.34
165.34
165.34
165.34
165.34
165.34
165.34
165.34
165.34
165.34
165.34
165.34
165.34
165.38
165.38
165.38
165.38
165.38
165.38
165.38
165.38
165.38
165.38
165.38
165.38
165.38
165.38
165.38
165.38
165.38
165.38
165.38
165.38
165.39
165.39
165.39
165.39
165.39
165.39
165.39
165.39
165.39
165.39
165.40
165.40
165.40
165.40
165.40
165.40
165.40
165.40
165.40
165.44
165.44
165.44
165.44
165.44
165.44
165.44
165.44
165.44
165.44
165.46
165.46
165.46
165.46
165.46
165.46
165.46
165.46
165.46
165.46
165.47
165.47
165.47
165.47
165.47
165.47
165.47
165.47
165.47
165.48
165.48
165.48
165.48
165.48
165.48
165.48
165.48
165.48
165.48
165.49
165.49
165.49
165.49
165.49
165.49
165.49
165.49
165.49
165.49
165.51
165.51
165.51
165.51
165.51
165.51
165.51
165.51
165.51
165.51
165.53
165.53
165.53
165.53
165.53
165.53
165.53
165.53
165.53
165.58
165.58
165.58
165.58
165.58
165.58
165.58
165.58
165.58
165.58
165.60
165.60
165.60
165.60
165.60
165.60
165.60
165.60
165.60
165.60
165.59
165.59
165.59
165.59
165.59
165.59
165.59
165.59
165.59
165.59
165.59
165.59
165.59
165.59
165.59
165.59
165.59
165.59
165.59
165.60
165.60
165.60
165.60
165.60
165.60
165.60
165.60
165.60
165.60
165.62
165.62
165.62
165.62
165.62
165.62
165.62
165.62
165.62
165.62
165.63
165.63
165.63
165.63
165.63
165.63
165.63
165.63
165.63
165.65
165.65
165.65
165.65
165.65
165.65
165.65
165.65
165.65
165.65
165.65
165.65
165.65
165.65
165.65
165.65
165.65
165.65
165.65
165.65
165.64
165.64
165.64
165.64
165.64
165.64
165.64
165.64
165.64
165.64
165.64
165.64
165.64
165.64
165.64
165.64
165.64
165.64
165.64
165.59
165.59
165.59
165.59
165.59
165.59
165.59
165.59
165.59
165.59
165.61
165.61
165.61
165.61
165.61
165.61
165.61
165.61
165.61
165.61
165.63
165.63
165.63
165.63
165.63
165.63
165.63
165.63
165.63
165.65
165.65
165.65
165.65
165.65
165.65
165.65
165.65
165.65
165.65
165.65
165.65
165.65
165.65
165.65
165.65
165.65
165.65
165.65
165.65
165.65
165.65
165.65
165.65
165.65
165.65
165.65
165.65
165.65
165.66
165.66
165.66
165.66
165.66
165.66
165.66
165.66
165.66
165.66
165.69
165.69
165.69
165.69
165.69
165.69
165.69
165.69
165.69
165.69
165.71
165.71
165.71
165.71
165.71
165.71
165.71
165.71
165.71
165.70
165.70
165.70
165.70
165.70
165.70
165.70
165.70
165.70
165.70
165.73
165.73
165.73
165.73
165.73
165.73
165.73
165.73
165.73
165.73
165.78
165.78
165.78
165.78
165.78
165.78
165.78
165.78
165.78
165.79
165.79
165.79
165.79
165.79
165.79
165.79
165.79
165.79
165.79
165.79
165.79
165.79
165.79
165.79
165.79
165.79
165.79
165.79
165.79
165.79
165.79
165.79
165.79
165.79
165.79
165.79
165.79
165.79
165.79
165.80
165.80
165.80
165.80
165.80
165.80
165.80
165.80
165.80
165.80
165.80
165.80
165.80
165.80
165.80
165.80
165.80
165.80
165.80
165.77
165.77
165.77
165.77
165.77
165.77
165.77
165.77
165.77
165.77
165.71
165.71
165.71
165.71
165.71
165.71
165.71
165.71
165.71
165.71
165.67
165.67
165.67
165.67
165.67
165.67
165.67
165.67
165.67
165.71
165.71
165.71
165.71
165.71
165.71
165.71
165.71
165.71
165.71
165.69
165.69
165.69
165.69
165.69
165.69
165.69
165.69
165.69
165.69
165.70
165.70
165.70
165.70
165.70
165.70
165.70
165.70
165.70
165.67
165.67
165.67
165.67
165.67
165.67
165.67
165.67
165.67
165.67
165.60
165.60
165.60
165.60
165.60
165.60
165.60
165.60
165.60
165.60
165.61
165.61
165.61
165.61
165.61
165.61
165.61
165.61
165.61
165.61
165.59
165.59
165.59
165.59
165.59
165.59
165.59
165.59
165.59
165.61
165.61
165.61
165.61
165.61
165.61
165.61
165.61
165.61
165.61
165.67
165.67
165.67
165.67
165.67
165.67
165.67
165.67
165.67
165.67
165.70
165.70
165.70
165.70
165.70
165.70
165.70
165.70
165.70
165.74
165.74
165.74
165.74
165.74
165.74
165.74
165.74
165.74
165.74
165.73
165.73
165.73
165.73
165.73
165.73
165.73
165.73
165.73
165.73
165.71
165.71
165.71
165.71
165.71
165.71
165.71
165.71
165.71
165.70
165.70
165.70
165.70
165.70
165.70
165.70
165.70
165.70
165.70
165.68
165.68
165.68
165.68
165.68
165.68
165.68
165.68
165.68
165.68
165.71
165.71
165.71
165.71
165.71
165.71
165.71
165.71
165.71
165.76
165.76
165.76
165.76
165.76
165.76
165.76
165.76
165.76
165.76
165.79
165.79
165.79
165.79
165.79
165.79
165.79
165.79
165.79
165.79
165.76
165.76
165.76
165.76
165.76
165.76
165.76
165.76
165.76
165.76
165.74
165.74
165.74
165.74
165.74
165.74
165.74
165.74
165.74
165.75
165.75
165.75
165.75
165.75
165.75
165.75
165.75
165.75
165.75
165.75
165.75
165.75
165.75
165.75
165.75
165.75
165.75
165.75
165.75
165.74
165.74
165.74
165.74
165.74
165.74
165.74
165.74
165.74
165.77
165.77
165.77
165.77
165.77
165.77
165.77
165.77
165.77
165.77
165.76
165.76
165.76
165.76
165.76
165.76
165.76
165.76
165.76
165.76
165.80
165.80
165.80
165.80
165.80
165.80
165.80
165.80
165.80
165.80
165.79
165.79
165.79
165.79
165.79
165.79
165.79
165.79
165.79
165.80
165.80
165.80
165.80
165.80
165.80
165.80
165.80
165.80
165.80
165.79
165.79
165.79
165.79
165.79
165.79
165.79
165.79
165.79
165.79
165.79
165.79
165.79
165.79
165.79
165.79
165.79
165.79
165.79
165.79
165.75
165.75
165.75
165.75
165.75
165.75
165.75
165.75
165.75
165.74
165.74
165.74
165.74
165.74
165.74
165.74
165.74
165.74
165.74
165.73
165.73
165.73
165.73
165.73
165.73
165.73
165.73
165.73
165.73
165.75
165.75
165.75
165.75
165.75
165.75
165.75
165.75
165.75
165.74
165.74
165.74
165.74
165.74
165.74
165.74
165.74
165.74
165.74
165.74
165.74
165.74
165.74
165.74
165.74
165.74
165.74
165.74
165.74
165.73
165.73
165.73
165.73
165.73
165.73
165.73
165.73
165.73
165.73
165.73
165.73
165.73
165.73
165.73
165.73
165.73
165.73
165.73
165.73
165.73
165.73
165.73
165.73
165.73
165.73
165.73
165.73
165.73
165.74
165.74
165.74
165.74
165.74
165.74
165.74
165.74
165.74
165.74
165.75
165.75
165.75
165.75
165.75
165.75
165.75
165.75
165.75
165.75
165.80
165.80
165.80
165.80
165.80
165.80
165.80
165.80
165.80
165.73
165.73
165.73
165.73
165.73
165.73
165.73
165.73
165.73
165.73
165.79
165.79
165.79
165.79
165.79
165.79
165.79
165.79
165.79
165.79
165.79
165.79
165.79
165.79
165.79
165.79
165.79
165.79
165.79
165.79
165.81
165.81
165.81
165.81
165.81
165.81
165.81
165.81
165.81
165.83
165.83
165.83
165.83
165.83
165.83
165.83
165.83
165.83
165.83
165.83
165.83
165.83
165.83
165.83
165.83
165.83
165.83
165.83
165.83
165.85
165.85
165.85
165.85
165.85
165.85
165.85
165.85
165.85
165.85
165.85
165.85
165.85
165.85
165.85
165.85
165.85
165.85
165.85
165.85
165.85
165.85
165.85
165.85
165.85
165.85
165.85
165.85
165.85
165.84
165.84
165.84
165.84
165.84
165.84
165.84
165.84
165.84
165.84
165.84
165.84
165.84
165.84
165.84
165.84
165.84
165.84
165.84
165.85
165.85
165.85
165.85
165.85
165.85
165.85
165.85
165.85
165.85
165.88
165.88
165.88
165.88
165.88
165.88
165.88
165.88
165.88
165.88
165.91
165.91
165.91
165.91
165.91
165.91
165.91
165.91
165.91
165.91
165.91
165.91
165.91
165.91
165.91
165.91
165.91
165.91
165.91
165.90
165.90
165.90
165.90
165.90
165.90
165.90
165.90
165.90
165.90
165.90
165.90
165.90
165.90
165.90
165.90
165.90
165.90
165.90
165.90
165.88
165.88
165.88
165.88
165.88
165.88
165.88
165.88
165.88
165.87
165.87
165.87
165.87
165.87
165.87
165.87
165.87
165.87
165.87
165.86
165.86
165.86
165.86
165.86
165.86
165.86
165.86
165.86
165.86
165.88
165.88
165.88
165.88
165.88
165.88
165.88
165.88
165.88
165.88
165.87
165.87
165.87
165.87
165.87
165.87
165.87
165.87
165.87
165.87
165.87
165.87
165.87
165.87
165.87
165.87
165.87
165.87
165.87
165.86
165.86
165.86
165.86
165.86
165.86
165.86
165.86
165.86
165.86
165.85
165.85
165.85
165.85
165.85
165.85
165.85
165.85
165.85
165.86
165.86
165.86
165.86
165.86
165.86
165.86
165.86
165.86
165.86
165.89
165.89
165.89
165.89
165.89
165.89
165.89
165.89
165.89
165.89
165.85
165.85
165.85
165.85
165.85
165.85
165.85
165.85
165.85
165.85
165.90
165.90
165.90
165.90
165.90
165.90
165.90
165.90
165.90
165.91
165.91
165.91
165.91
165.91
165.91
165.91
165.91
165.91
165.91
165.90
165.90
165.90
165.90
165.90
165.90
165.90
165.90
165.90
165.90
165.90
165.90
165.90
165.90
165.90
165.90
165.90
165.90
165.90
165.92
165.92
165.92
165.92
165.92
165.92
165.92
165.92
165.92
165.92
165.95
165.95
165.95
165.95
165.95
165.95
165.95
165.95
165.95
165.95
165.96
165.96
165.96
165.96
165.96
165.96
165.96
165.96
165.96
165.96
165.96
165.96
165.96
165.96
165.96
165.96
165.96
165.96
165.96
165.98
165.98
165.98
165.98
165.98
165.98
165.98
165.98
165.98
165.98
165.97
165.97
165.97
165.97
165.97
165.97
165.97
165.97
165.97
165.97
165.98
165.98
165.98
165.98
165.98
165.98
165.98
165.98
165.98
166.00
166.00
166.00
166.00
166.00
166.00
166.00
166.00
166.00
166.00
166.02
166.02
166.02
166.02
166.02
166.02
166.02
166.02
166.02
166.02
166.05
166.05
166.05
166.05
166.05
166.05
166.05
166.05
166.05
166.05
166.05
166.05
166.05
166.05
166.05
166.05
166.05
166.05
166.05
166.03
166.03
166.03
166.03
166.03
166.03
166.03
166.03
166.03
166.03
166.00
166.00
166.00
166.00
166.00
166.00
166.00
166.00
166.00
166.00
165.97
165.97
165.97
165.97
165.97
165.97
165.97
165.97
165.97
165.93
165.93
165.93
165.93
165.93
165.93
165.93
165.93
165.93
165.93
165.92
165.92
165.92
165.92
165.92
165.92
165.92
165.92
165.92
165.92
165.94
165.94
165.94
165.94
165.94
165.94
165.94
165.94
165.94
165.95
165.95
165.95
165.95
165.95
165.95
165.95
165.95
165.95
165.95
165.97
165.97
165.97
165.97
165.97
165.97
165.97
165.97
165.97
165.97
165.99
165.99
165.99
165.99
165.99
165.99
165.99
165.99
165.99
165.99
166.01
166.01
166.01
166.01
166.01
166.01
166.01
166.01
166.01
166.04
166.04
166.04
166.04
166.04
166.04
166.04
166.04
166.04
166.04
166.04
166.04
166.04
166.04
166.04
166.04
166.04
166.04
166.04
166.04
166.09
166.09
166.09
166.09
166.09
166.09
166.09
166.09
166.09
166.12
166.12
166.12
166.12
166.12
166.12
166.12
166.12
166.12
166.12
166.17
166.17
166.17
166.17
166.17
166.17
166.17
166.17
166.17
166.17
166.18
166.18
166.18
166.18
166.18
166.18
166.18
166.18
166.18
166.18
166.19
166.19
166.19
166.19
166.19
166.19
166.19
166.19
166.19
166.21
166.21
166.21
166.21
166.21
166.21
166.21
166.21
166.21
166.21
166.20
166.20
166.20
166.20
166.20
166.20
166.20
166.20
166.20
166.20
166.20
166.20
166.20
166.20
166.20
166.20
166.20
166.20
166.20
166.18
166.18
166.18
166.18
166.18
166.18
166.18
166.18
166.18
166.18
166.17
166.17
166.17
166.17
166.17
166.17
166.17
166.17
166.17
166.17
166.19
166.19
166.19
166.19
166.19
166.19
166.19
166.19
166.19
166.19
166.17
166.17
166.17
166.17
166.17
166.17
166.17
166.17
166.17
166.18
166.18
166.18
166.18
166.18
166.18
166.18
166.18
166.18
166.18
166.19
166.19
166.19
166.19
166.19
166.19
166.19
166.19
166.19
166.19
166.18
166.18
166.18
166.18
166.18
166.18
166.18
166.18
166.18
166.17
166.17
166.17
166.17
166.17
166.17
166.17
166.17
166.17
166.17
166.13
166.13
166.13
166.13
166.13
166.13
166.13
166.13
166.13
166.13
166.13
166.13
166.13
166.13
166.13
166.13
166.13
166.13
166.13
166.12
166.12
166.12
166.12
166.12
166.12
166.12
166.12
166.12
166.12
166.12
166.12
166.12
166.12
166.12
166.12
166.12
166.12
166.12
166.12
166.10
166.10
166.10
166.10
166.10
166.10
166.10
166.10
166.10
166.10
166.04
166.04
166.04
166.04
166.04
166.04
166.04
166.04
166.04
166.10
166.10
166.10
166.10
166.10
166.10
166.10
166.10
166.10
166.10
166.07
166.07
166.07
166.07
166.07
166.07
166.07
166.07
166.07
166.07
166.04
166.04
166.04
166.04
166.04
166.04
166.04
166.04
166.04
166.04
166.05
166.05
166.05
166.05
166.05
166.05
166.05
166.05
166.05
166.05
166.05
166.05
166.05
166.05
166.05
166.05
166.05
166.05
166.05
166.07
166.07
166.07
166.07
166.07
166.07
166.07
166.07
166.07
166.07
166.06
166.06
166.06
166.06
166.06
166.06
166.06
166.06
166.06
166.07
166.07
166.07
166.07
166.07
166.07
166.07
166.07
166.07
166.07
166.07
166.07
166.07
166.07
166.07
166.07
166.07
166.07
166.07
166.07
166.09
166.09
166.09
166.09
166.09
166.09
166.09
166.09
166.09
166.13
166.13
166.13
166.13
166.13
166.13
166.13
166.13
166.13
166.13
166.10
166.10
166.10
166.10
166.10
166.10
166.10
166.10
166.10
166.10
166.12
166.12
166.12
166.12
166.12
166.12
166.12
166.12
166.12
166.13
166.13
166.13
166.13
166.13
166.13
166.13
166.13
166.13
166.13
166.14
166.14
166.14
166.14
166.14
166.14
166.14
166.14
166.14
166.14
166.14
166.14
166.14
166.14
166.14
166.14
166.14
166.14
166.14
166.15
166.15
166.15
166.15
166.15
166.15
166.15
166.15
166.15
166.15
166.17
166.17
166.17
166.17
166.17
166.17
166.17
166.17
166.17
166.17
166.18
166.18
166.18
166.18
166.18
166.18
166.18
166.18
166.18
166.17
166.17
166.17
166.17
166.17
166.17
166.17
166.17
166.17
166.17
166.18
166.18
166.18
166.18
166.18
166.18
166.18
166.18
166.18
166.18
166.16
166.16
166.16
166.16
166.16
166.16
166.16
166.16
166.16
166.16
166.21
166.21
166.21
166.21
166.21
166.21
166.21
166.21
166.21
166.21
166.21
166.21
166.21
166.21
166.21
166.21
166.21
166.21
166.21
166.20
166.20
166.20
166.20
166.20
166.20
166.20
166.20
166.20
166.20
166.22
166.22
166.22
166.22
166.22
166.22
166.22
166.22
166.22
166.22
166.18
166.18
166.18
166.18
166.18
166.18
166.18
166.18
166.18
162.50
162.50
162.50
162.50
162.50
162.50
162.50
162.50
162.50
162.50
153.52
153.52
153.52
153.52
153.52
153.52
153.52
153.52
153.52
144.51
144.51
144.51
144.51
144.51
144.51
144.51
144.51
144.51
135.46
135.46
135.46
135.46
135.46
135.46
135.46
135.46
135.46
135.46
126.38
126.38
126.38
126.38
126.38
126.38
126.38
126.38
126.38
117.35
117.35
117.35
117.35
117.35
117.35
117.35
117.35
117.35
108.24
108.24
108.24
108.24
108.24
108.24
108.24
108.24
108.24
108.24
99.15
99.15
99.15
99.15
99.15
99.15
99.15
99.15
99.15
90.02
90.02
90.02
90.02
90.02
90.02
90.02
90.02
90.02
80.87
80.87
80.87
80.87
80.87
80.87
80.87
80.87
80.87
80.87