42.86
42.86
42.86
42.86
42.86
42.86
42.86
42.86
42.86
46.11
46.11
46.11
46.11
46.11
46.11
46.11
46.11
46.11
46.11
49.32
49.32
49.32
49.32
49.32
49.32
49.32
49.32
49.32
52.53
52.53
52.53
52.53
52.53
52.53
52.53
52.53
52.53
52.53
55.73
55.73
55.73
55.73
55.73
55.73
55.73
55.73
55.73
58.88
58.88
58.88
58.88
58.88
58.88
58.88
58.88
58.88
62.10
62.10
62.10
62.10
62.10
62.10
62.10
62.10
62.10
65.31
65.31
65.31
65.31
65.31
65.31
65.31
65.31
65.31
65.31
67.24
67.24
67.24
67.24
67.24
67.24
67.24
67.24
67.24
62.87
62.87
62.87
62.87
62.87
62.87
62.87
62.87
62.87
62.87
58.08
58.08
58.08
58.08
58.08
58.08
58.08
58.08
58.08
57.11
57.11
57.11
57.11
57.11
57.11
57.11
57.11
57.11
57.11
57.15
57.15
57.15
57.15
57.15
57.15
57.15
57.15
57.15
57.21
57.21
57.21
57.21
57.21
57.21
57.21
57.21
57.21
57.24
57.24
57.24
57.24
57.24
57.24
57.24
57.24
57.24
57.24
57.28
57.28
57.28
57.28
57.28
57.28
57.28
57.28
57.28
57.31
57.31
57.31
57.31
57.31
57.31
57.31
57.31
57.31
57.31
57.33
57.33
57.33
57.33
57.33
57.33
57.33
57.33
57.33
