44.90
44.90
44.90
44.90
44.90
44.90
44.90
44.90
44.90
47.64
47.64
47.64
47.64
47.64
47.64
47.64
47.64
47.64
50.37
50.37
50.37
50.37
50.37
50.37
50.37
50.37
50.37
53.05
53.05
53.05
53.05
53.05
53.05
53.05
53.05
53.05
55.80
55.80
55.80
55.80
55.80
55.80
55.80
55.80
55.80
55.80
54.70
54.70
54.70
54.70
54.70
54.70
54.70
54.70
54.70
52.43
52.43
52.43
52.43
52.43
52.43
52.43
52.43
52.43
52.40
52.40
52.40
52.40
52.40
52.40
52.40
52.40
52.40
52.40
52.34
52.34
52.34
52.34
52.34
52.34
52.34
52.34
52.34
52.23
52.23
52.23
52.23
52.23
52.23
52.23
52.23
52.23
52.23
52.10
52.10
52.10
52.10
52.10
52.10
52.10
52.10
52.10
51.95
51.95
51.95
51.95
51.95
51.95
51.95
51.95
51.95
51.80
51.80
51.80
51.80
51.80
51.80
51.80
51.80
51.80
51.80
51.62
51.62
51.62
51.62
51.62
51.62
51.62
51.62
51.62
51.46
51.46
51.46
51.46
51.46
51.46
51.46
51.46
51.46
51.30
51.30
51.30
51.30
51.30
51.30
51.30
51.30
51.30
51.30
51.14
51.14
51.14
51.14
51.14
51.14
51.14
51.14
51.14
51.01
51.01
51.01
51.01
51.01
51.01
51.01
51.01
51.01
51.01
49.47
49.47
49.47
49.47
49.47
49.47
49.47
49.47
49.47
49.47
