42.97
42.97
42.97
42.97
42.97
42.97
42.97
42.97
42.97
45.96
45.96
45.96
45.96
45.96
45.96
45.96
45.96
45.96
48.90
48.90
48.90
48.90
48.90
48.90
48.90
48.90
48.90
51.91
51.91
51.91
51.91
51.91
51.91
51.91
51.91
51.91
54.92
54.92
54.92
54.92
54.92
54.92
54.92
54.92
54.92
57.97
57.97
57.97
57.97
57.97
57.97
57.97
57.97
57.97
57.97
61.07
61.07
61.07
61.07
61.07
61.07
61.07
61.07
61.07
63.73
63.73
63.73
63.73
63.73
63.73
63.73
63.73
63.73
62.59
62.59
62.59
62.59
62.59
62.59
62.59
62.59
62.59
60.22
60.22
60.22
60.22
60.22
60.22
60.22
60.22
60.22
60.22
57.62
57.62
57.62
57.62
57.62
57.62
57.62
57.62
57.62
57.48
57.48
57.48
57.48
57.48
57.48
57.48
57.48
57.48
57.52
57.52
57.52
57.52
57.52
57.52
57.52
57.52
57.52
57.52
57.59
57.59
57.59
57.59
57.59
57.59
57.59
57.59
57.59
57.79
57.79
57.79
57.79
57.79
57.79
57.79
57.79
57.79
57.79
57.90
57.90
57.90
57.90
57.90
57.90
57.90
57.90
57.90
57.94
57.94
57.94
57.94
57.94
57.94
57.94
57.94
57.94
