power.draw [W]
17.44
17.44
17.44
17.44
17.44
17.44
17.44
17.44
17.44
17.44
17.44
17.44
17.44
17.44
17.44
17.44
17.44
17.44
17.44
17.44
17.44
17.44
17.44
17.44
17.44
17.44
17.44
17.44
17.44
17.44
17.44
17.44
17.44
17.44
17.44
17.44
17.44
17.44
17.44
17.44
17.44
17.44
17.44
17.44
17.44
17.44
17.44
17.44
17.44
17.44
17.44
17.44
17.44
17.44
17.44
17.44
17.44
17.44
17.44
17.44
17.44
17.44
17.44
17.44
17.44
17.44
17.44
17.44
17.44
17.44
17.44
17.44
17.44
17.44
17.44
17.44
17.44
17.73
17.73
17.73
17.73
17.73
17.73
17.73
17.73
17.73
17.73
17.73
17.73
17.73
17.73
17.73
17.73
17.73
17.73
17.73
17.73
17.73
17.73
17.73
17.73
17.73
17.73
17.73
17.73
17.73
17.73
17.73
17.73
17.73
17.73
17.73
17.73
17.73
17.73
17.73
17.73
17.73
17.73
17.73
17.73
17.73
17.73
17.73
17.73
17.73
17.73
17.73
17.73
17.73
17.73
17.73
17.73
17.73
17.73
17.73
17.73
17.73
17.73
17.73
17.73
17.73
17.73
17.73
17.73
17.73
17.73
17.73
17.73
17.73
17.73
17.73
17.73
17.73
17.73
17.73
17.73
17.73
17.73
17.73
17.73
17.73
17.73
17.73
17.73
17.73
17.73
17.73
17.73
17.73
17.73
17.73
17.72
17.72
17.72
17.72
17.72
17.72
17.72
17.72
17.72
20.33
20.33
20.33
20.33
20.33
20.33
20.33
20.33
20.33
23.17
23.17
23.17
23.17
23.17
23.17
23.17
23.17
23.17
23.17
25.57
25.57
25.57
25.57
25.57
25.57
25.57
25.57
25.57
27.61
27.61
27.61
27.61
27.61
27.61
27.61
27.61
27.61
27.61
29.41
29.41
29.41
29.41
29.41
29.41
29.41
29.41
29.41
29.41
30.98
30.98
30.98
30.98
30.98
30.98
30.98
30.98
30.98
32.38
32.38
32.38
32.38
32.38
32.38
32.38
32.38
32.38
32.38
33.61
33.61
33.61
33.61
33.61
33.61
33.61
33.61
33.61
33.61
34.71
34.71
34.71
34.71
34.71
34.71
34.71
34.71
34.71
35.70
35.70
35.70
35.70
35.70
35.70
35.70
35.70
35.70
35.70
35.70
35.70
35.70
35.70
35.70
35.70
35.70
35.70
35.70
35.70
35.70
35.70
35.70
35.70
35.70
35.70
35.70
35.70
35.70
35.70
35.70
35.70
35.70
35.70
35.70
35.70
35.70
35.70
35.70
35.70
35.70
35.70
35.70
35.70
35.70
35.70
35.70
35.70
35.70
35.70
35.70
35.70
35.70
35.70
35.70
35.70
35.70
35.70
35.70
35.70
35.70
35.70
35.70
35.70
35.70
35.70
35.70
35.70
35.70
35.70
35.70
35.70
35.70
35.70
35.70
35.70
35.70
35.70
35.70
35.70
35.70
35.70
35.70
35.70
35.70
35.70
35.70
35.70
35.70
35.70
35.70
35.70
35.70
35.70
35.70
35.70
35.70
36.95
36.95
36.95
36.95
36.95
36.95
36.95
36.95
36.95
36.95
36.95
36.95
36.95
36.95
36.95
36.95
36.95
36.95
36.95
36.95
36.95
36.95
36.95
36.95
36.95
36.95
36.95
36.95
36.95
36.95
36.95
36.95
36.95
36.95
36.95
36.95
36.95
36.95
36.95
36.95
36.95
36.95
36.95
36.95
36.95
36.95
36.95
36.95
36.95
36.95
36.95
36.95
36.95
36.95
36.95
36.95
36.95
36.95
36.95
36.95
36.95
36.95
36.95
36.95
36.95
36.95
36.95
36.95
36.95
36.95
36.95
36.95
36.95
36.95
36.95
36.95
36.95
36.95
36.95
36.95
36.95
36.95
36.95
36.95
36.95
36.95
36.95
36.95
36.95
36.95
36.95
36.95
36.95
36.95
36.95
36.95
27.03
27.03
27.03
27.03
27.03
27.03
27.03
27.03
27.03
27.03
27.03
27.03
27.03
27.03
27.03
27.03
27.03
27.03
27.03
27.03
27.03
27.03
27.03
27.03
27.03
27.03
27.03
27.03
27.03
27.03
27.03
27.03
27.03
27.03
27.03
27.03
27.03
27.03
27.03
27.03
27.03
27.03
27.03
27.03
27.03
27.03
27.03
27.03
27.03
27.03
27.03
27.03
27.03
27.03
27.03
27.03
27.03
27.03
27.03
27.03
27.03
27.03
27.03
27.03
27.03
27.03
27.03
27.03
27.03
27.03
27.03
27.03
27.03
27.03
27.03
27.03
27.03
27.03
27.03
27.03
27.03
27.03
27.03
27.03
27.03
27.03
27.03
27.03
27.03
27.03
27.03
27.03
27.03
27.03
27.03
27.03
27.03
18.21
18.21
18.21
18.21
18.21
18.21
18.21
18.21
18.21
18.21
18.21
18.21
18.21
18.21
18.21
18.21
18.21
18.21
18.21
18.21
18.21
18.21
18.21
18.21
18.21
18.21
18.21
18.21
18.21
18.21
18.21
18.21
18.21
18.21
18.21
18.21
18.21
18.21
18.21
18.21
18.21
18.21
18.21
18.21
18.21
18.21
18.21
18.21
18.21
18.21
18.21
18.21
18.21
18.21
18.21
18.21
18.21
18.21
18.21
18.21
18.21
18.21
18.21
18.21
18.21
18.21
18.21
18.21
18.21
18.21
18.21
18.21
18.21
18.21
18.21
18.21
18.21
18.21
18.21
18.21
18.21
18.21
18.21
18.21
18.21
18.21
18.21
18.21
18.21
18.21
18.21
18.21
18.21
18.21
18.21
18.21
17.45
17.45
17.45
17.45
17.45
17.45
17.45
17.45
17.45
17.45
17.45
17.45
17.45
17.45
17.45
17.45
17.45
17.45
17.45
17.45
17.45
17.45
17.45
17.45
17.45
17.45
17.45
17.45
17.45
17.45
17.45
17.45
17.45
17.45
17.45
17.45
17.45
17.45
17.45
17.45
17.45
17.45
17.45
17.45
17.45
17.45
17.45
17.45
17.45
17.45
17.45
17.45
17.45
17.45
17.45
17.45
17.45
17.45
17.45
17.45
17.45
17.45
17.45
17.45
17.45
17.45
17.45
17.45
17.45
17.45
17.45
17.45
17.45
17.45
17.45
17.45
17.45
17.45
17.45
17.45
17.45
17.45
17.45
17.45
17.45
17.45
17.45
17.45
17.45
17.45
17.45
17.45
17.45
17.45
17.45
17.45
17.33
17.33
17.33
17.33
17.33
17.33
17.33
17.33
17.33
17.33
17.33
17.33
17.33
17.33
17.33
17.33
17.33
17.33
17.33
17.33
17.33
17.33
17.33
17.33
17.33
17.33
17.33
17.33
17.33
17.33
17.33
17.33
17.33
17.33
17.33
17.33
17.33
17.33
