power.draw [W]
18.25
18.25
18.25
18.25
18.25
18.25
18.25
18.25
18.25
18.25
18.25
18.25
18.25
18.25
18.25
18.25
18.25
18.25
18.25
18.25
18.25
18.25
18.25
18.25
18.25
18.25
18.25
18.25
18.25
18.25
18.25
18.25
18.25
18.25
18.25
18.25
18.25
18.25
18.25
18.25
18.25
18.25
18.25
18.25
18.25
18.25
18.25
18.25
18.25
18.25
18.25
18.25
18.25
18.25
18.25
18.25
18.25
18.25
18.25
18.25
18.25
18.25
18.25
18.25
18.25
18.25
18.23
18.23
18.23
18.23
18.23
18.23
18.23
18.23
18.23
18.23
18.23
18.23
18.23
18.23
18.23
18.23
18.23
18.23
18.23
18.23
18.23
18.23
18.23
18.23
18.23
18.23
18.23
18.23
18.23
18.23
18.23
18.23
18.23
18.23
18.23
18.23
18.23
18.23
18.23
18.23
18.23
18.23
18.23
18.23
18.23
18.23
18.23
18.23
18.23
18.23
18.23
18.23
18.23
18.23
18.23
18.23
18.23
18.23
18.23
18.23
18.23
18.23
18.23
18.23
18.23
18.23
18.23
18.23
18.23
18.23
18.23
18.23
18.23
18.23
18.23
18.23
18.23
18.23
18.23
18.23
18.23
18.23
18.23
18.23
18.23
18.23
18.23
18.23
18.23
18.23
18.23
18.23
18.23
18.23
18.23
18.23
18.09
18.09
18.09
18.09
18.09
18.09
18.09
18.09
18.09
18.09
18.09
18.09
18.09
18.09
18.09
18.09
18.09
18.09
18.09
18.09
18.09
18.09
18.09
18.09
18.09
18.09
18.09
18.09
18.09
18.09
18.09
18.09
18.09
18.09
18.09
18.09
18.09
17.99
17.99
17.99
17.99
17.99
17.99
17.99
17.99
17.99
21.23
21.23
21.23
21.23
21.23
21.23
21.23
21.23
21.23
23.49
23.49
23.49
23.49
23.49
23.49
23.49
23.49
23.49
23.49
25.35
25.35
25.35
25.35
25.35
25.35
25.35
25.35
25.35
27.00
27.00
27.00
27.00
27.00
27.00
27.00
27.00
27.00
27.00
28.49
28.49
28.49
28.49
28.49
28.49
28.49
28.49
28.49
28.49
29.84
29.84
29.84
29.84
29.84
29.84
29.84
29.84
29.84
42.94
42.94
42.94
42.94
42.94
42.94
42.94
42.94
42.94
42.94
43.94
43.94
43.94
43.94
43.94
43.94
43.94
43.94
43.94
44.79
44.79
44.79
44.79
44.79
44.79
44.79
44.79
44.79
44.79
56.28
56.28
56.28
56.28
56.28
56.28
56.28
56.28
56.28
56.28
56.37
56.37
56.37
56.37
56.37
56.37
56.37
56.37
56.37
56.37
56.37
56.37
56.37
56.37
56.37
56.37
56.37
56.37
56.37
56.37
56.37
56.37
56.37
56.37
56.37
56.37
56.37
56.37
56.37
56.37
56.37
56.37
56.37
56.37
56.37
56.37
56.37
56.37
56.37
56.37
56.37
56.37
56.37
56.37
56.37
56.37
56.37
56.37
56.37
56.37
56.37
56.37
56.37
56.37
56.37
56.37
56.37
56.37
56.37
56.37
56.37
56.37
56.37
56.37
56.37
56.37
56.37
56.37
56.37
56.37
56.37
56.37
56.37
56.37
56.37
56.37
56.37
56.37
56.37
56.37
56.37
56.37
56.37
56.37
56.37
56.37
56.37
56.37
56.37
56.37
56.37
56.37
56.37
56.37
56.37
40.98
40.98
40.98
40.98
40.98
40.98
40.98
40.98
40.98
40.98
40.98
40.98
40.98
40.98
40.98
40.98
40.98
40.98
40.98
40.98
40.98
40.98
40.98
40.98
40.98
40.98
40.98
40.98
40.98
40.98
40.98
40.98
40.98
40.98
40.98
40.98
40.98
40.98
40.98
40.98
40.98
40.98
40.98
40.98
40.98
40.98
40.98
40.98
40.98
40.98
40.98
40.98
40.98
40.98
40.98
40.98
40.98
40.98
40.98
40.98
40.98
40.98
40.98
40.98
40.98
40.98
40.98
40.98
40.98
40.98
40.98
40.98
40.98
40.98
40.98
40.98
40.98
40.98
40.98
40.98
40.98
40.98
40.98
40.98
40.98
40.98
40.98
40.98
40.98
40.98
40.98
40.98
40.98
40.98
40.98
40.98
30.32
30.32
30.32
30.32
30.32
30.32
30.32
30.32
30.32
30.32
30.32
30.32
30.32
30.32
30.32
30.32
30.32
30.32
30.32
30.32
30.32
30.32
30.32
30.32
30.32
30.32
30.32
30.32
30.32
30.32
30.32
30.32
30.32
30.32
30.32
30.32
30.32
30.32
30.32
30.32
30.32
30.32
30.32
30.32
30.32
30.32
30.32
30.32
30.32
30.32
30.32
30.32
30.32
30.32
30.32
30.32
30.32
30.32
30.32
30.32
30.32
30.32
30.32
30.32
30.32
30.32
30.32
30.32
30.32
30.32
30.32
30.32
30.32
30.32
30.32
30.32
30.32
30.32
30.32
30.32
30.32
30.32
30.32
30.32
30.32
30.32
30.32
30.32
30.32
30.32
30.32
30.32
30.32
30.32
30.32
30.32
19.99
19.99
19.99
19.99
19.99
19.99
19.99
19.99
19.99
19.99
19.99
19.99
19.99
19.99
19.99
19.99
19.99
19.99
19.99
19.99
19.99
19.99
19.99
19.99
19.99
19.99
19.99
19.99
19.99
19.99
19.99
19.99
19.99
19.99
19.99
19.99
19.99
19.99
19.99
19.99
19.99
19.99
19.99
19.99
19.99
19.99
19.99
19.99
19.99
19.99
19.99
19.99
19.99
19.99
19.99
19.99
19.99
19.99
19.99
19.99
19.99
19.99
19.99
19.99
19.99
19.99
19.99
19.99
19.99
19.99
19.99
19.99
19.99
19.99
19.99
19.99
19.99
19.99
19.99
19.99
19.99
19.99
19.99
19.99
19.99
19.99
19.99
19.99
19.99
19.99
19.99
19.99
19.99
19.99
19.99
18.60
18.60
18.60
18.60
18.60
18.60
18.60
18.60
18.60
18.60
18.60
18.60
18.60
18.60
18.60
18.60
18.60
18.60
18.60
18.60
18.60
18.60
18.60
18.60
18.60
18.60
18.60
18.60
18.60
18.60
18.60
18.60
18.60
18.60
18.60
18.60
18.60
18.60
18.60
18.60
18.60
18.60
18.60
18.60
18.60
18.60
18.60
18.60
18.60
18.60
18.60
18.60
18.60
18.60
18.60
18.60
18.60
18.60
18.60
18.60
18.60
18.60
18.60
18.60
18.60
18.60
18.60
18.60
18.60
18.60
18.60
18.60
18.60
18.60
18.60
18.60
18.60
18.60
18.60
18.60
18.60
18.60
18.60
18.60
18.60
18.60
18.60
18.60
18.60
18.60
18.60
18.60
18.60
18.60
18.60
18.60
